-0.00835371458810216239
-0.00835336401603615185
-0.00835231575126981797
-0.00835058011192800140
-0.00834817417478229268
-0.00834512159671270577
-0.00834145236795384368
-0.00833720250024947568
-0.00833241365382648112
-0.00832713270781141462
-0.00832141127933923828
-0.00831530519713472027
-0.00830887393577650971
-0.00830218001717875423
-0.00829528838604434715
-0.00828826576616042976
-0.00828118000442433499
-0.00827409940941436529
-0.00826709209116253951
-0.00826022530855618706
-0.00825356483050207479
-0.00824717431664261091
-0.00824111472302924489
-0.00823544373774477007
-0.00823021525103367034
-0.00822547886405740683
-0.00822127943994728667
-0.00821765670038801868
-0.00821464487053488387
-0.00821227237465053592
-0.00821056158444521608
-0.00820952862171752534
-0.00820918321652038679
-0.01142202673563377444
-0.00988769537568211579
-0.00896625865630837696
-0.00865772694989319982
-0.00852899343608442412
-0.00846347159279932544
-0.00842472271040324745
-0.00839891582265677068
-0.00837996964910950673
-0.00836490707931215882
-0.00835215237360751629
-0.00834082441987776119
-0.00833041312141189795
-0.00832061895927400409
-0.00831126802920837023
-0.00830226444782633868
-0.00829356234894320504
-0.00828514866257545717
-0.00827703208531661849
-0.00826923574150269930
-0.00826179212059192231
-0.00825473946366637665
-0.00824811910130161287
-0.00824197343558960918
-0.00823634437246831275
-0.00823127207966748223
-0.00822679398871983304
-0.00822294398694318682
-0.00821975176309801096
-0.00821724228216496287
-0.00821543537256631817
-0.00821434541454827381
-0.00821398112222585138
-0.01142307499948593853
-0.01080913209414169004
-0.00988769537476794948
-0.00929596739609139799
-0.00896316648174914216
-0.00876969070168724663
-0.00864965426921104723
-0.00857015879281940174
-0.00851430371304109923
-0.00847294326810556393
-0.00844086547384188465
-0.00841496228833001417
-0.00839330903805261819
-0.00837467740838990921
-0.00835826545769659257
-0.00834354146668350900
-0.00833015011850580557
-0.00831785415793843096
-0.00830649696246293055
-0.00829597783306969261
-0.00828623524606582340
-0.00827723521991929369
-0.00826896304988089526
-0.00826141731205034917
-0.00825460543165317494
-0.00824854035399788695
-0.00824323801091643611
-0.00823871537518178904
-0.00823498896101370476
-0.00823207367278219401
-0.00822998193410075761
-0.00822872305053522733
-0.00822830277428686363
-0.01142481063731390183
-0.01111766379904301563
-0.01047942335193065289
-0.00988769537325409793
-0.00945577633132338446
-0.00916036894928585511
-0.00895819225568264543
-0.00881642631898776723
-0.00871383712810448567
-0.00863714121179013326
-0.00857798473718834019
-0.00853101656687486019
-0.00849273320679504694
-0.00846079127822341875
-0.00843359298489671470
-0.00841003102657734807
-0.00838932798730512332
-0.00837093282599723175
-0.00835445263840783707
-0.00833960668738062058
-0.00832619479446566543
-0.00831407518476692808
-0.00830314867730651100
-0.00829334721593058197
-0.00828462542439905442
-0.00827695430736476168
-0.00827031650260618909
-0.00826470267671448530
-0.00826010878157640988
-0.00825653397425504115
-0.00825397906204248383
-0.00825244537643123749
-0.00825193401037372862
-0.01142721657236066106
-0.01124639731075284879
-0.01081222426417395924
-0.01031961441308586365
-0.00988769537115515192
-0.00954792069768651414
-0.00929099817532655185
-0.00909797202041758013
-0.00895161942296448382
-0.00883885338724429113
-0.00875031707944708657
-0.00867944635118946678
-0.00862164190119936447
-0.00857366004385282793
-0.00853319106554211067
-0.00849857321460180219
-0.00846859912238348729
-0.00844238394914232498
-0.00841927461763396050
-0.00839878653830625210
-0.00838055890321893343
-0.00836432266892378311
-0.00834987732224174578
-0.00833707380767856852
-0.00832580183807517249
-0.00831598036855567789
-0.00830755038805221224
-0.00830046943648686530
-0.00829470743005790954
-0.00829024349857275869
-0.00828706362481170834
-0.00828515893807817844
-0.00828452456023431871
-0.01143026914776641353
-0.01131191915137411477
-0.01100570004157202381
-0.01061502179245956204
-0.01022747004195995527
-0.00988769536849132095
-0.00960742142253009045
-0.00938231272468572144
-0.00920288612367270616
-0.00905946908155602984
-0.00894387252135800045
-0.00884965964392673936
-0.00877193238211784396
-0.00870701226975583234
-0.00865214647627723585
-0.00860527207378472027
-0.00856483740824785789
-0.00852967001509842906
-0.00849887983518889979
-0.00847178836441206048
-0.00844787660346553275
-0.00842674658763906299
-0.00840809274544706588
-0.00839168040968730870
-0.00837732957350290595
-0.00836490252913206847
-0.00835429441265586256
-0.00834542595156404637
-0.00833823790709598174
-0.00833268684377553442
-0.00832874196091668191
-0.00832638279675260683
-0.00832559767346941100
-0.01143393837332221802
-0.01135066803056712474
-0.01112573647084516386
-0.01081719848285971064
-0.01048439256111685647
-0.01016796931124948865
-0.00988769536528825814
-0.00964887069598402945
-0.00944923743042529532
-0.00928357642424540441
-0.00914611904653401218
-0.00903158998058938185
-0.00893554261590166418
-0.00885437713015170894
-0.00878523891821570910
-0.00872588741437650348
-0.00867457182809358920
-0.00862992575565270370
-0.00859088225809122481
-0.00855660715597556312
-0.00852644728196332718
-0.00849989054451115791
-0.00847653513755334577
-0.00845606576977718689
-0.00843823526860928985
-0.00842285030757773494
-0.00840976031378246405
-0.00839884884813194010
-0.00839002692989110344
-0.00838322791245661031
-0.00837840362019038123
-0.00837552153528089115
-0.00837456288567056673
-0.01143818823731513820
-0.01137647491460215890
-0.01120523194352536500
-0.01095896441584315144
-0.01067741871231438038
-0.01039307800538241504
-0.01012652003088104075
-0.00988769536157681553
-0.00967935009018186868
-0.00950021680808826527
-0.00934721575067144067
-0.00921673350431278203
-0.00910526961669523571
-0.00900971203749670324
-0.00892741675468003600
-0.00885619437003864161
-0.00879425877175787733
-0.00874016540549459389
-0.00869275169996537589
-0.00865108456848526566
-0.00861441622982384372
-0.00858214796195712164
-0.00855380078950312636
-0.00852899197199458517
-0.00850741623380669131
-0.00848883082495761020
-0.00847304366379832141
-0.00845990396199200467
-0.00844929486046343443
-0.00844112771132404620
-0.00843533772754330446
-0.00843188079280688708
-0.00843073128214284762
-0.01144297707955405953
-0.01139542108396533748
-0.01126108701911957694
-0.01106155360254234415
-0.01082377130558339652
-0.01057250460221134496
-0.01032615329225569645
-0.01009604062878767528
-0.00988769535739273016
-0.00970269731986717239
-0.00954030109847490634
-0.00939859491438750638
-0.00927522651902015251
-0.00916781227026405507
-0.00907414232151136993
-0.00899226559047081563
-0.00892050901949384238
-0.00885746395100011144
-0.00880195824758654016
-0.00875302415501424610
-0.00870986691520230297
-0.00867183636845011985
-0.00863840231473842618
-0.00860913366799495594
-0.00858368110293724132
-0.00856176277230615707
-0.00854315265760714065
-0.00852767115162835453
-0.00851517752585360076
-0.00850556399528477024
-0.00849875115014218918
-0.00849468457576471256
-0.00849333252836254916
-0.01144825802095269553
-0.01141048364914626530
-0.01130244745943869387
-0.01113824951424026953
-0.01093653733668716911
-0.01071592163971159944
-0.01049181429381915685
-0.01027517390626485339
-0.01007269339030186436
-0.00988769535277630660
-0.00972117151475618800
-0.00957267503419606536
-0.00944097682700045619
-0.00932450105478879222
-0.00922159083355609567
-0.00913065692864049351
-0.00905025159080096939
-0.00897909732923612633
-0.00891609017885676772
-0.00886028964255029458
-0.00881090256980970703
-0.00876726511284950730
-0.00872882499469791739
-0.00869512519599593969
-0.00866578952259595622
-0.00864051016331069885
-0.00861903716670708343
-0.00860116968462262821
-0.00858674880437118593
-0.00857565179571732547
-0.00856778761788952806
-0.00856309355796888542
-0.00856153290059310373
-0.01145397944442056067
-0.01142323834984658969
-0.01133452524869805675
-0.01119740598383775314
-0.01102507363948005900
-0.01083151819490531936
-0.01062927166652624308
-0.01042817495867737372
-0.01023508960668981921
-0.01005421918579211399
-0.00988769534777199713
-0.00973619124460921997
-0.00959944326286904862
-0.00947664482359896268
-0.00936671980140828600
-0.00926849977407804247
-0.00918083139188433962
-0.00910263616830215769
-0.00903293950656675754
-0.00897088077180069679
-0.00891571230748374258
-0.00886679248162314249
-0.00882357592679464293
-0.00878560287367058032
-0.00875248866920345925
-0.00872391406730045268
-0.00869961657520721722
-0.00867938296095705462
-0.00866304292879946716
-0.00865046392000165011
-0.00864154697649487449
-0.00863622360246426787
-0.00863445356675852579
-0.01146008552128107739
-0.01143456629823234871
-0.01136042842886592769
-0.01124437414880723185
-0.01109594436239367404
-0.01092573106699257571
-0.01074380072712686866
-0.01055865719969202414
-0.01037679578543321615
-0.01020271566100823188
-0.01003919944559076780
-0.00988769534242799411
-0.00974869510156695443
-0.00962205486617177114
-0.00950724277780812255
-0.00940351727856916959
-0.00931004834522456207
-0.00922599548818366783
-0.00915055483721543411
-0.00908298510436010217
-0.00902261968730085767
-0.00896887005590052411
-0.00892122393767924571
-0.00887924063671664474
-0.00884254499457125254
-0.00881082094064060059
-0.00878380520710562995
-0.00876128154220673014
-0.00874307560296898496
-0.00872905061506498020
-0.00871910383299624898
-0.00871316380450692929
-0.00871118842998669200
-0.01146651677700705890
-0.01144497759106598810
-0.01138208167351109808
-0.01128265750325481605
-0.01115374880675155424
-0.01100345832316924205
-0.01083984808618236248
-0.01067012108167735007
-0.01050016417516834097
-0.01033441386257161719
-0.01017594742169871357
-0.01002669557765680820
-0.00988769533679576679
-0.00975933188225187181
-0.00964154428033283523
-0.00953398728967637908
-0.00943615141949953259
-0.00934744776236938468
-0.00926726523033021519
-0.00919500727041381964
-0.00913011393129290610
-0.00907207383872690384
-0.00902042946132877027
-0.00897477809360678475
-0.00893477025273551814
-0.00890010664820484361
-0.00887053449962187796
-0.00884584370998940314
-0.00882586321854601091
-0.00881045773445492814
-0.00879952497215264612
-0.00879299345783782563
-0.00879082094495255498
-0.01147321068973860755
-0.01145477174733767166
-0.01140071329730759329
-0.01131459942596023914
-0.01120173065823188222
-0.01106837842966504337
-0.01092101356606610396
-0.01076567865500967225
-0.01060757841805822985
-0.01045088962891707086
-0.01029874585510259441
-0.01015333580718577773
-0.01001605878547345146
-0.00988769533092955996
-0.00976856722328563881
-0.00965867404102332613
-0.00955780237145378506
-0.00946560889051072628
-0.00938168095773219378
-0.00930557910949337402
-0.00923686565622562281
-0.00917512300317532316
-0.00911996461287711141
-0.00907104086082044167
-0.00902804146669628112
-0.00899069572756055688
-0.00895877142875307897
-0.00893207304700429153
-0.00891043966964732287
-0.00889374291759267160
-0.00888188506381620661
-0.00887479747250917092
-0.00887243943819699711
-0.01148010231482932131
-0.01146412267135960353
-0.01141712524195721487
-0.01134179771324324466
-0.01124219963049890615
-0.01112324421709994307
-0.01099015177195840701
-0.01084797393178264270
-0.01070124836076722340
-0.01055379984410607236
-0.01040867087124957430
-0.01026814788950572779
-0.01013384638134879299
-0.01000682343252978258
-0.00988769532488586143
-0.00977674641901328176
-0.00967402251492416147
-0.00957940660338445389
-0.00949267772808437375
-0.00941355507902923161
-0.00934172992728902855
-0.00927688797859026887
-0.00921872443362934182
-0.00916695365994369196
-0.00912131499434628429
-0.00908157584998622175
-0.00904753301397936797
-0.00901901279127269306
-0.00899587047193510687
-0.00897798946381221305
-0.00896528033161653887
-0.00895767990904959913
-0.00895515059564765126
-0.01148712492855025191
-0.01147312624657866043
-0.01143184922680732206
-0.01136535966539962972
-0.01127681747527623478
-0.01117011861342948401
-0.01104950326963463278
-0.01091919631026105550
-0.01078312508564480132
-0.01064473374285869467
-0.01050689089241683451
-0.01037187338258170437
-0.01024140336584226929
-0.01011671660862911715
-0.00999864422459546473
-0.00988769531872288332
-0.00978413292794643591
-0.00968803946668176513
-0.00959937051509223219
-0.00951799739021485722
-0.00944373977727608165
-0.00937639002497074950
-0.00931573072752628177
-0.00926154707243267983
-0.00921363521922055791
-0.00917180774689780112
-0.00913589699495332384
-0.00910575693822345336
-0.00908126408289564382
-0.00906231774793187124
-0.00904883999932114789
-0.00904077542910908076
-0.00903809091239819729
-0.01149421068406343907
-0.01148182833923888126
-0.01144524056876211268
-0.01138606269844894513
-0.01130679156127163167
-0.01121055327274343011
-0.01110081884969463598
-0.01098113190231890524
-0.01085488165039885308
-0.01072513907447530945
-0.01059455926838762108
-0.01046534230970339908
-0.01033923922979619950
-0.01021758827197574368
-0.01010136812246167047
-0.00999125770327641792
-0.00988769531249997051
-0.00979093272896591066
-0.00970108208915650312
-0.00961815486479518887
-0.00954209321791041343
-0.00947279452611510080
-0.00941013009020797743
-0.00935395906968638363
-0.00930413862051596152
-0.00926053108823685425
-0.00922300897231065689
-0.00919145824398250391
-0.00916578047958143544
-0.00914589416779534869
-0.00913173546320619062
-0.00912325858755414290
-0.00912043602223782009
-0.01150129127285049770
-0.01149024201938371979
-0.01145753652310657969
-0.01140445785353393082
-0.01133300672828988637
-0.01124572065966995306
-0.01114546491591261387
-0.01103522526235928107
-0.01091792671266967815
-0.01079629332981724490
-0.01067275448574689714
-0.01054939516052138399
-0.01042794288070344327
-0.01030978174669589485
-0.01019598402777846698
-0.01008735115831817589
-0.00998445788981111755
-0.00988769530627706117
-0.00979731009452204822
-0.00971343875820045513
-0.00963613637397824942
-0.00956540006714421548
-0.00950118771038507490
-0.00944343249823618655
-0.00939205408329611170
-0.00934696692559437714
-0.00930808643627980929
-0.00927533341236251585
-0.00924863717343460574
-0.00922793773107322829
-0.00921318725009404732
-0.00920435099867056988
-0.00920140793084860478
-0.01150829858493934710
-0.01149835859047958035
-0.01146889371241910024
-0.01142093803496033698
-0.01135611605363527274
-0.01127651083341649554
-0.01118450840731111291
-0.01108263896172551402
-0.01097343240992027305
-0.01085930047403361673
-0.01074245114131932091
-0.01062483580532663785
-0.01050812540657962771
-0.01039370967331144577
-0.01028271289691556727
-0.01017602010374472898
-0.01007430852345754697
-0.00997808051186909253
-0.00988769530011407959
-0.00980339796992753081
-0.00972534484584641583
-0.00965362505490476724
-0.00958827836761987073
-0.00952930964514656434
-0.00947670031933291884
-0.00943041736121036367
-0.00939042017704892068
-0.00935666582950245990
-0.00932911292802647389
-0.00930772447613293329
-0.00929246990800082669
-0.00928332649585109776
-0.00928028026305236474
-0.01151516536150199582
-0.01150615492824979755
-0.01147941283576863619
-0.01143578397994386188
-0.01137660412691928608
-0.01130360229814963632
-0.01121878350338307434
-0.01112430608716192919
-0.01102236649644886858
-0.01091510100429638787
-0.01080450987004167793
-0.01069240553213826952
-0.01058038336045232820
-0.01046981151550656873
-0.01036183553992700915
-0.01025739322257840716
-0.01015723574177516096
-0.01006195184214698710
-0.00997199262425692984
-0.00988769529407037932
-0.00980930486190363660
-0.00973699327515473688
-0.00967087582245104369
-0.00961102488002872277
-0.00955748121028922142
-0.00951026309278345597
-0.00946937359087481403
-0.00943480624992000354
-0.00940654949739886011
-0.00938458998061573492
-0.00936891503896207165
-0.00935951446859563906
-0.00935638169947380395
-0.01152182583368989086
-0.01151359854329436251
-0.01148915541690628990
-0.01144919586699260153
-0.01139483175614039098
-0.01132751405322995376
-0.01124894337152910172
-0.01116097441995714257
-0.01106552373039459969
-0.01096448807117077207
-0.01085967832849242184
-0.01075277094333130373
-0.01064527669370702798
-0.01053852496290810445
-0.01043366068580100538
-0.01033165082965096897
-0.01023329738279372611
-0.01013925422050297731
-0.01005004574247183452
-0.00996608572037091349
-0.00988769528820417076
-0.00981511941833654311
-0.00974854154239881976
-0.00968809620423450278
-0.00963387978479388063
-0.00958595943211440482
-0.00954438037843513727
-0.00950917184415918035
-0.00948035172523433063
-0.00945793024438836699
-0.00944191272306655303
-0.00943230160356240896
-0.00942909782198055220
-0.01152821634191713088
-0.01152065119458767564
-0.01149815543742059055
-0.01146131547105910115
-0.01141106798480330704
-0.01134864406342419273
-0.01127550010334903499
-0.01119324268219163386
-0.01110355427151454508
-0.01100812552249873580
-0.01090859814872079114
-0.01080652056909940303
-0.01070331678064079944
-0.01060026761032617157
-0.01049850262886752733
-0.01039900057632406685
-0.01030259606895680621
-0.01020999052170478046
-0.01012176552778125058
-0.01003839730148758241
-0.00996027115243956242
-0.00988769528257193824
-0.00982091346408542516
-0.00976011636283554904
-0.00970545142164374978
-0.00965703131990886324
-0.00961494108935613198
-0.00957924400009553187
-0.00954998634446757415
-0.00952720124497778362
-0.00951091160194969185
-0.00950113227996835646
-0.00949787161221203428
-0.01153427593018648695
-0.01152727155160843293
-0.01150642760211498423
-0.01147224197317551868
-0.01142551332614133441
-0.01136729790027218336
-0.01129885550496284238
-0.01122158984930161918
-0.01113698831988223399
-0.01104656563530631921
-0.01095181469820528074
-0.01085416668197667842
-0.01075496115269492306
-0.01065542599528037683
-0.01055666616848445136
-0.01045965986842453156
-0.01036526049951991962
-0.01027420287311991975
-0.01018711220972214060
-0.01010451474884726392
-0.01002684902303328102
-0.00995447709571443962
-0.00988769527722793001
-0.00982674400979257311
-0.00977181674941378885
-0.00972306777322296673
-0.00968061891000620081
-0.00964456523562435761
-0.00961497979947777137
-0.00959191745821317415
-0.00957541789267632622
-0.00956550787692005480
-0.00956220285628749979
-0.01153994691046664883
-0.01153341721231611675
-0.01151397333494121392
-0.01148204342954713131
-0.01143831683570019873
-0.01138371023102762586
-0.01131932486773468485
-0.01124639866180584050
-0.01116625696162138782
-0.01108026542900398051
-0.01098978774632503042
-0.01089614997793496298
-0.01080061251541259738
-0.01070434974233272669
-0.01060843693716577961
-0.01051384351851381189
-0.01042143151503719528
-0.01033195808026448823
-0.01024608092719113059
-0.01016436568626526843
-0.01008729435619327812
-0.01001527419196000281
-0.00994864653965897225
-0.00988769527222361534
-0.00983265459912991725
-0.00978371611603157804
-0.00974103502911017466
-0.00970473553701996401
-0.00967491538446176372
-0.00965164961930138274
-0.00963499359300570152
-0.00962498524471688821
-0.00962164670468608138
-0.01154517539256131112
-0.01153904627082098094
-0.01152078521072194724
-0.01149076521646222315
-0.01144958880068715906
-0.01139806106259559290
-0.01133715536428614272
-0.01126797439537730039
-0.01119170952206266501
-0.01110960109778752827
-0.01102290194617570884
-0.01093284561546392121
-0.01084062035166742655
-0.01074734913184045675
-0.01065407559814675505
-0.01056175536710950158
-0.01047125195959118168
-0.01038333649058812737
-0.01029869024838834211
-0.01021790935138833581
-0.01014151077101746456
-0.01006993912853536462
-0.01000357379542132080
-0.00994273594070087252
-0.00988769526760717617
-0.00983867626379621336
-0.00979586385374696389
-0.00975940839032309396
-0.00972942995688301331
-0.00970602197420856669
-0.00968925412023603945
-0.00967917457724840405
-0.00967581162265297376
-0.01154991177535348405
-0.01154411855943771742
-0.01152685028419314639
-0.01149843632931242532
-0.01145941026602256135
-0.01141048810278234155
-0.01135254032113360706
-0.01128655980004229092
-0.01121362784850965869
-0.01113488045288869507
-0.01105147654389463177
-0.01096456966521048085
-0.01087528395201400877
-0.01078469486679208694
-0.01069381473832272875
-0.01060358283524816432
-0.01051485948768620185
-0.01042842364410576789
-0.01034497320232680324
-0.01026512746471000895
-0.01018943111951284633
-0.01011835922608616059
-0.01005232276742805061
-0.00999167441961512116
-0.00993671426723405360
-0.00988769526342308386
-0.00984482829094383317
-0.00980828672677184002
-0.00977821044788342031
-0.00975470924159032270
-0.00973786560149348009
-0.00972773690145604247
-0.00972435694639356245
-0.01155411119575214425
-0.01154859664667391532
-0.01153215262356313900
-0.01150507413035953969
-0.01146784024281457051
-0.01142109621554708750
-0.01136563031121742146
-0.01130234695749012322
-0.01123223795949721861
-0.01115635344578085053
-0.01107577403227640381
-0.01099158539503399153
-0.01090485609688551967
-0.01081661916188810489
-0.01072785757061812256
-0.01063949358348119205
-0.01055238159990094272
-0.01046730412970888272
-0.01038497038277678627
-0.01030601696290719786
-0.01023101016948065739
-0.01016044945292743362
-0.01009477162693336004
-0.01003435550282506458
-0.00997952667357184138
-0.00993056223219088499
-0.00988769525971163257
-0.00985111896024522087
-0.00982099035505838713
-0.00979743347441402491
-0.00978054200620526518
-0.00977038137513076138
-0.00976699023643384442
-0.01155773393210834075
-0.01155244664524748485
-0.01153667525609471112
-0.01151068795304817025
-0.01147492119117684423
-0.01142996467343583046
-0.01137654177366486871
-0.01131548665609336327
-0.01124771946227292804
-0.01117422092466222906
-0.01109600764332348971
-0.01101410905672981291
-0.01092954688331491953
-0.01084331754043382084
-0.01075637779012172252
-0.01066963363700798584
-0.01058393232502602421
-0.01050005715042310120
-0.01041872472712017210
-0.01034058430065893167
-0.01026621870055354109
-0.01019614653898496051
-0.01013082529811213002
-0.01007065499171220894
-0.01001598213379264156
-0.00996710379315979972
-0.00992427155597496585
-0.00988769525650855588
-0.00985754636892234061
-0.00983396097990323764
-0.00981704228370176846
-0.00980686255821817607
-0.00980346459400083942
-0.01156074575929762725
-0.01155563886642881066
-0.01154040166759895056
-0.01151528184552239389
-0.01148068319494194474
-0.01143715271524003985
-0.01138536368924185707
-0.01132609575495808520
-0.01126021308538383697
-0.01118864180224982477
-0.01111234767281723233
-0.01103231499330370978
-0.01094952737209445998
-0.01086495091512694466
-0.01077952010679546213
-0.01069412648967194707
-0.01060961008676324438
-0.01052675338668716300
-0.01044627762593231673
-0.01036884105051623026
-0.01029503881681454597
-0.01022540419194907686
-0.01016041073159486621
-0.01010047514160655746
-0.01004596056456887564
-0.00999718006938437632
-0.00995440015849795301
-0.00991784414143091937
-0.00988769525384471104
-0.00986409942787661378
-0.00984716764194558392
-0.00983697779689574753
-0.00983357608072757579
-0.01156311825308301185
-0.01155814834526289712
-0.01154331695373149447
-0.01151885665074479752
-0.01148514712432813570
-0.01144270377646152900
-0.01139216270457739030
-0.01133426290199851180
-0.01126982661385370066
-0.01119973880880472013
-0.01112492667951608602
-0.01104633997910875812
-0.01096493285408658286
-0.01088164766508262910
-0.01079740111281938739
-0.01071307282253675108
-0.01062949639645036429
-0.01054745282694957535
-0.01046766607572689051
-0.01039080056520039035
-0.01031746029556154104
-0.01024818928933989709
-0.01018347307076050354
-0.01012374090466797161
-0.01006936854514435715
-0.01002068127357850363
-0.00997795703704334493
-0.00994142952835106244
-0.00991129107771383626
-0.00988769525174574247
-0.00987075907826851819
-0.00986056483505349732
-0.00985716135752718985
-0.01156482904177446105
-0.01155995525334767293
-0.01154540869089906198
-0.01152141156144349116
-0.01148832699657532236
-0.01144664865780651436
-0.01139698699532975396
-0.01134005288426538464
-0.01127663945748241282
-0.01120760298511865038
-0.01113384362150899448
-0.01105628675966362218
-0.01097586561487499945
-0.01089350551734522346
-0.01081011024350119615
-0.01072655056963360901
-0.01064365509952565868
-0.01056220330641489263
-0.01048292064234512821
-0.01040647550534018473
-0.01033347781536949131
-0.01026447893085411997
-0.01019997263478347738
-0.01014039692944978914
-0.01008613639760301377
-0.01003752491216147909
-0.00999484850373823924
-0.00995834822303865927
-0.00992822286213099897
-0.00990463142370909960
-0.00988769525023187532
-0.00987749974508306608
-0.00987409563577722194
-0.01156586200358796293
-0.01156104521045152669
-0.01154666757355040339
-0.01152294524614053996
-0.01149023168239465299
-0.01144900782105639364
-0.01139986907932504998
-0.01134350981808760969
-0.01128070603094569885
-0.01121229704412510242
-0.01113916699462540877
-0.01106222678723874434
-0.01098239712827562241
-0.01090059310773806855
-0.01081771066515394182
-0.01073461513893148034
-0.01065213197426350712
-0.01057103955692417080
-0.01049206405358066307
-0.01041587607479242325
-0.01034308893395944132
-0.01027425825192126649
-0.01020988264962555472
-0.01015040527682440664
-0.01009621593967645684
-0.01004765361128472263
-0.01000500913389855071
-0.00996852794760806279
-0.00993841270626664303
-0.00991482566600992814
-0.00989789075446648701
-0.00988769524931767951
-0.00988429101330012307
-0.01156620740847938075
-0.01156140950246823534
-0.01154708784949305504
-0.01152345661189233678
-0.01149086605993280413
-0.01144979294403388088
-0.01140082772862965887
-0.01134465932844594058
-0.01128205807804215366
-0.01121385770119517206
-0.01114093703002543706
-0.01106420216145326957
-0.01098456964085518101
-0.01090295114174452164
-0.01082023997825017764
-0.01073729965533665523
-0.01065495453927412309
-0.01057398262444042558
-0.01049511028607368751
-0.01041900884360854457
-0.01034629271523558082
-0.01027751891937187315
-0.01021318766995240115
-0.01015374381654950142
-0.01009957889396617507
-0.01005103356604149407
-0.01000840027228975908
-0.00997192591151968739
-0.00994181442212910445
-0.00991822914323052529
-0.00990129486346662605
-0.00989109948502953432
-0.00988769524901197440
-0.01156586200358796293
-0.01156104521045152669
-0.01154666757355040166
-0.01152294524614053996
-0.01149023168239465126
-0.01144900782105639191
-0.01139986907932504998
-0.01134350981808760969
-0.01128070603094569885
-0.01121229704412510068
-0.01113916699462540877
-0.01106222678723874434
-0.01098239712827562241
-0.01090059310773806855
-0.01081771066515394182
-0.01073461513893148034
-0.01065213197426350712
-0.01057103955692417080
-0.01049206405358066307
-0.01041587607479242152
-0.01034308893395944132
-0.01027425825192126649
-0.01020988264962555472
-0.01015040527682440664
-0.01009621593967645684
-0.01004765361128472263
-0.01000500913389855244
-0.00996852794760806279
-0.00993841270626664129
-0.00991482566600992814
-0.00989789075446648701
-0.00988769524931767951
-0.00988429101330012307
-0.01156482904177445932
-0.01155995525334767467
-0.01154540869089906198
-0.01152141156144349116
-0.01148832699657532236
-0.01144664865780651263
-0.01139698699532975396
-0.01134005288426538464
-0.01127663945748241282
-0.01120760298511865038
-0.01113384362150899448
-0.01105628675966362218
-0.01097586561487499598
-0.01089350551734522173
-0.01081011024350119615
-0.01072655056963361248
-0.01064365509952565868
-0.01056220330641489263
-0.01048292064234512821
-0.01040647550534018646
-0.01033347781536949131
-0.01026447893085411997
-0.01019997263478347738
-0.01014039692944978741
-0.01008613639760301377
-0.01003752491216147909
-0.00999484850373823924
-0.00995834822303866100
-0.00992822286213099897
-0.00990463142370909960
-0.00988769525023187532
-0.00987749974508306608
-0.00987409563577722194
-0.01156311825308301358
-0.01155814834526289712
-0.01154331695373149447
-0.01151885665074479752
-0.01148514712432813570
-0.01144270377646153074
-0.01139216270457739030
-0.01133426290199851354
-0.01126982661385370066
-0.01119973880880472186
-0.01112492667951608602
-0.01104633997910875812
-0.01096493285408658286
-0.01088164766508262910
-0.01079740111281938565
-0.01071307282253675108
-0.01062949639645036429
-0.01054745282694957535
-0.01046766607572689051
-0.01039080056520039208
-0.01031746029556154104
-0.01024818928933989709
-0.01018347307076050354
-0.01012374090466797161
-0.01006936854514435715
-0.01002068127357850363
-0.00997795703704334666
-0.00994142952835106244
-0.00991129107771383626
-0.00988769525174574074
-0.00987075907826851819
-0.00986056483505349905
-0.00985716135752718985
-0.01156074575929762725
-0.01155563886642881240
-0.01154040166759894882
-0.01151528184552239389
-0.01148068319494194647
-0.01143715271524004332
-0.01138536368924185881
-0.01132609575495808520
-0.01126021308538383697
-0.01118864180224982477
-0.01111234767281723407
-0.01103231499330370978
-0.01094952737209445998
-0.01086495091512694466
-0.01077952010679545866
-0.01069412648967194707
-0.01060961008676324438
-0.01052675338668716300
-0.01044627762593231500
-0.01036884105051622852
-0.01029503881681454597
-0.01022540419194907339
-0.01016041073159486795
-0.01010047514160655920
-0.01004596056456887737
-0.00999718006938437632
-0.00995440015849795301
-0.00991784414143091937
-0.00988769525384470931
-0.00986409942787661378
-0.00984716764194558392
-0.00983697779689574753
-0.00983357608072757405
-0.01155773393210834075
-0.01155244664524748485
-0.01153667525609471112
-0.01151068795304817372
-0.01147492119117684423
-0.01142996467343583046
-0.01137654177366486524
-0.01131548665609336327
-0.01124771946227292804
-0.01117422092466222906
-0.01109600764332348971
-0.01101410905672980944
-0.01092954688331491953
-0.01084331754043382084
-0.01075637779012172598
-0.01066963363700798584
-0.01058393232502602421
-0.01050005715042309946
-0.01041872472712017210
-0.01034058430065893167
-0.01026621870055354109
-0.01019614653898495878
-0.01013082529811213002
-0.01007065499171220894
-0.01001598213379264156
-0.00996710379315979972
-0.00992427155597496585
-0.00988769525650855588
-0.00985754636892234061
-0.00983396097990323764
-0.00981704228370176846
-0.00980686255821817607
-0.00980346459400083768
-0.01155411119575214772
-0.01154859664667391532
-0.01153215262356314073
-0.01150507413035954142
-0.01146784024281456878
-0.01142109621554708923
-0.01136563031121742146
-0.01130234695749012148
-0.01123223795949722034
-0.01115635344578085053
-0.01107577403227640381
-0.01099158539503399326
-0.01090485609688551967
-0.01081661916188810489
-0.01072785757061812256
-0.01063949358348119205
-0.01055238159990094446
-0.01046730412970888098
-0.01038497038277678627
-0.01030601696290719613
-0.01023101016948065739
-0.01016044945292743362
-0.01009477162693336177
-0.01003435550282506632
-0.00997952667357184312
-0.00993056223219088673
-0.00988769525971163257
-0.00985111896024522260
-0.00982099035505838713
-0.00979743347441402491
-0.00978054200620526344
-0.00977038137513076138
-0.00976699023643384442
-0.01154991177535348405
-0.01154411855943771915
-0.01152685028419314639
-0.01149843632931242532
-0.01145941026602256135
-0.01141048810278233808
-0.01135254032113360359
-0.01128655980004229092
-0.01121362784850965869
-0.01113488045288869507
-0.01105147654389463177
-0.01096456966521048085
-0.01087528395201400877
-0.01078469486679208694
-0.01069381473832272875
-0.01060358283524816606
-0.01051485948768620185
-0.01042842364410576789
-0.01034497320232680151
-0.01026512746471000895
-0.01018943111951284633
-0.01011835922608616059
-0.01005232276742805061
-0.00999167441961512116
-0.00993671426723405360
-0.00988769526342308559
-0.00984482829094383144
-0.00980828672677184002
-0.00977821044788342031
-0.00975470924159032270
-0.00973786560149348182
-0.00972773690145604247
-0.00972435694639356245
-0.01154517539256130765
-0.01153904627082098094
-0.01152078521072194897
-0.01149076521646222142
-0.01144958880068715559
-0.01139806106259559117
-0.01133715536428614272
-0.01126797439537730039
-0.01119170952206266674
-0.01110960109778752654
-0.01102290194617570884
-0.01093284561546392121
-0.01084062035166742655
-0.01074734913184045675
-0.01065407559814675505
-0.01056175536710950158
-0.01047125195959118168
-0.01038333649058812737
-0.01029869024838834211
-0.01021790935138833754
-0.01014151077101746456
-0.01006993912853536462
-0.01000357379542132080
-0.00994273594070087252
-0.00988769526760717617
-0.00983867626379621163
-0.00979586385374696389
-0.00975940839032309049
-0.00972942995688301157
-0.00970602197420856669
-0.00968925412023603772
-0.00967917457724840405
-0.00967581162265297549
-0.01153994691046664710
-0.01153341721231611675
-0.01151397333494121218
-0.01148204342954713131
-0.01143831683570019700
-0.01138371023102762412
-0.01131932486773468659
-0.01124639866180583876
-0.01116625696162138956
-0.01108026542900398051
-0.01098978774632503042
-0.01089614997793496125
-0.01080061251541259738
-0.01070434974233272669
-0.01060843693716577961
-0.01051384351851381189
-0.01042143151503719528
-0.01033195808026448823
-0.01024608092719113059
-0.01016436568626526843
-0.01008729435619327812
-0.01001527419196000281
-0.00994864653965897225
-0.00988769527222361534
-0.00983265459912991552
-0.00978371611603157804
-0.00974103502911017466
-0.00970473553701996401
-0.00967491538446176372
-0.00965164961930138274
-0.00963499359300570152
-0.00962498524471688821
-0.00962164670468608138
-0.01153427593018648695
-0.01152727155160843293
-0.01150642760211498423
-0.01147224197317551521
-0.01142551332614133615
-0.01136729790027218509
-0.01129885550496284412
-0.01122158984930161918
-0.01113698831988223399
-0.01104656563530631921
-0.01095181469820528074
-0.01085416668197667842
-0.01075496115269492306
-0.01065542599528037510
-0.01055666616848445136
-0.01045965986842453156
-0.01036526049951991615
-0.01027420287311991802
-0.01018711220972214060
-0.01010451474884726392
-0.01002684902303328102
-0.00995447709571443788
-0.00988769527722793348
-0.00982674400979257311
-0.00977181674941378885
-0.00972306777322296499
-0.00968061891000619908
-0.00964456523562435761
-0.00961497979947777137
-0.00959191745821317415
-0.00957541789267632795
-0.00956550787692005480
-0.00956220285628749979
-0.01152821634191713261
-0.01152065119458767564
-0.01149815543742059055
-0.01146131547105910288
-0.01141106798480330704
-0.01134864406342419273
-0.01127550010334903846
-0.01119324268219163213
-0.01110355427151454508
-0.01100812552249873580
-0.01090859814872079114
-0.01080652056909940303
-0.01070331678064080291
-0.01060026761032617157
-0.01049850262886752907
-0.01039900057632406685
-0.01030259606895680621
-0.01020999052170478046
-0.01012176552778125058
-0.01003839730148758241
-0.00996027115243956242
-0.00988769528257193824
-0.00982091346408542516
-0.00976011636283555077
-0.00970545142164375152
-0.00965703131990886324
-0.00961494108935613198
-0.00957924400009553187
-0.00954998634446757415
-0.00952720124497778362
-0.00951091160194969185
-0.00950113227996835646
-0.00949787161221203255
-0.01152182583368989086
-0.01151359854329436078
-0.01148915541690628817
-0.01144919586699260153
-0.01139483175614039098
-0.01132751405322995376
-0.01124894337152910345
-0.01116097441995714083
-0.01106552373039459969
-0.01096448807117077207
-0.01085967832849242184
-0.01075277094333130373
-0.01064527669370702798
-0.01053852496290810445
-0.01043366068580100538
-0.01033165082965096897
-0.01023329738279372438
-0.01013925422050297905
-0.01005004574247183452
-0.00996608572037091349
-0.00988769528820417076
-0.00981511941833654311
-0.00974854154239881976
-0.00968809620423450278
-0.00963387978479388063
-0.00958595943211440482
-0.00954438037843513727
-0.00950917184415918382
-0.00948035172523433063
-0.00945793024438836699
-0.00944191272306655303
-0.00943230160356240896
-0.00942909782198055220
-0.01151516536150199582
-0.01150615492824979928
-0.01147941283576863619
-0.01143578397994386188
-0.01137660412691928434
-0.01130360229814963979
-0.01121878350338307261
-0.01112430608716193092
-0.01102236649644886858
-0.01091510100429638787
-0.01080450987004167966
-0.01069240553213826952
-0.01058038336045232647
-0.01046981151550656700
-0.01036183553992700915
-0.01025739322257840716
-0.01015723574177516096
-0.01006195184214698710
-0.00997199262425693157
-0.00988769529407037932
-0.00980930486190363660
-0.00973699327515473688
-0.00967087582245104542
-0.00961102488002872277
-0.00955748121028921968
-0.00951026309278345597
-0.00946937359087481403
-0.00943480624992000354
-0.00940654949739886011
-0.00938458998061573318
-0.00936891503896207165
-0.00935951446859563732
-0.00935638169947380569
-0.01150829858493934536
-0.01149835859047957862
-0.01146889371241910024
-0.01142093803496033698
-0.01135611605363527274
-0.01127651083341649728
-0.01118450840731111118
-0.01108263896172551922
-0.01097343240992027305
-0.01085930047403361673
-0.01074245114131932091
-0.01062483580532663958
-0.01050812540657962771
-0.01039370967331144403
-0.01028271289691556727
-0.01017602010374472898
-0.01007430852345754697
-0.00997808051186909253
-0.00988769530011407959
-0.00980339796992753081
-0.00972534484584641583
-0.00965362505490476724
-0.00958827836761987073
-0.00952930964514656434
-0.00947670031933291537
-0.00943041736121036193
-0.00939042017704892068
-0.00935666582950245990
-0.00932911292802647389
-0.00930772447613293329
-0.00929246990800082669
-0.00928332649585109776
-0.00928028026305236474
-0.01150129127285049943
-0.01149024201938372326
-0.01145753652310657969
-0.01140445785353393082
-0.01133300672828988637
-0.01124572065966994959
-0.01114546491591261387
-0.01103522526235928107
-0.01091792671266967815
-0.01079629332981724490
-0.01067275448574689714
-0.01054939516052138572
-0.01042794288070344327
-0.01030978174669589485
-0.01019598402777846871
-0.01008735115831817589
-0.00998445788981111755
-0.00988769530627706117
-0.00979731009452204822
-0.00971343875820045513
-0.00963613637397824942
-0.00956540006714421374
-0.00950118771038507490
-0.00944343249823618482
-0.00939205408329611170
-0.00934696692559437541
-0.00930808643627980929
-0.00927533341236251585
-0.00924863717343460574
-0.00922793773107323176
-0.00921318725009404732
-0.00920435099867056815
-0.00920140793084860652
-0.01149421068406343907
-0.01148182833923888126
-0.01144524056876211268
-0.01138606269844894686
-0.01130679156127163340
-0.01121055327274343011
-0.01110081884969463598
-0.01098113190231890524
-0.01085488165039885829
-0.01072513907447530598
-0.01059455926838761934
-0.01046534230970340082
-0.01033923922979619950
-0.01021758827197574368
-0.01010136812246167047
-0.00999125770327641792
-0.00988769531249997224
-0.00979093272896591066
-0.00970108208915650312
-0.00961815486479518887
-0.00954209321791041343
-0.00947279452611510080
-0.00941013009020797569
-0.00935395906968638363
-0.00930413862051596152
-0.00926053108823685425
-0.00922300897231065342
-0.00919145824398250391
-0.00916578047958143544
-0.00914589416779534869
-0.00913173546320619062
-0.00912325858755414637
-0.00912043602223782009
-0.01148712492855025018
-0.01147312624657866043
-0.01143184922680732032
-0.01136535966539962798
-0.01127681747527623478
-0.01117011861342948227
-0.01104950326963463278
-0.01091919631026105897
-0.01078312508564480132
-0.01064473374285869467
-0.01050689089241683277
-0.01037187338258170437
-0.01024140336584226929
-0.01011671660862911368
-0.00999864422459546473
-0.00988769531872288332
-0.00978413292794643591
-0.00968803946668176513
-0.00959937051509223219
-0.00951799739021485722
-0.00944373977727608165
-0.00937639002497074776
-0.00931573072752628177
-0.00926154707243267983
-0.00921363521922055964
-0.00917180774689780286
-0.00913589699495332558
-0.00910575693822345336
-0.00908126408289564382
-0.00906231774793187297
-0.00904883999932114789
-0.00904077542910908076
-0.00903809091239819902
-0.01148010231482931957
-0.01146412267135960526
-0.01141712524195721661
-0.01134179771324324466
-0.01124219963049890615
-0.01112324421709994481
-0.01099015177195840701
-0.01084797393178264270
-0.01070124836076722340
-0.01055379984410607236
-0.01040867087124957083
-0.01026814788950572779
-0.01013384638134879473
-0.01000682343252978258
-0.00988769532488586317
-0.00977674641901328002
-0.00967402251492415974
-0.00957940660338445389
-0.00949267772808437549
-0.00941355507902923161
-0.00934172992728902855
-0.00927688797859026887
-0.00921872443362934182
-0.00916695365994369196
-0.00912131499434628429
-0.00908157584998622175
-0.00904753301397936797
-0.00901901279127269306
-0.00899587047193510861
-0.00897798946381221305
-0.00896528033161654060
-0.00895767990904959913
-0.00895515059564765126
-0.01147321068973860408
-0.01145477174733767166
-0.01140071329730759503
-0.01131459942596023914
-0.01120173065823188048
-0.01106837842966504511
-0.01092101356606610743
-0.01076567865500967051
-0.01060757841805822985
-0.01045088962891707086
-0.01029874585510259441
-0.01015333580718577773
-0.01001605878547345146
-0.00988769533092955996
-0.00976856722328563881
-0.00965867404102332613
-0.00955780237145378506
-0.00946560889051072628
-0.00938168095773219378
-0.00930557910949337402
-0.00923686565622562281
-0.00917512300317532316
-0.00911996461287711141
-0.00907104086082044167
-0.00902804146669628112
-0.00899069572756055861
-0.00895877142875307897
-0.00893207304700429153
-0.00891043966964732287
-0.00889374291759266813
-0.00888188506381620835
-0.00887479747250917092
-0.00887243943819699538
-0.01146651677700706064
-0.01144497759106598636
-0.01138208167351109808
-0.01128265750325481431
-0.01115374880675155424
-0.01100345832316924205
-0.01083984808618236248
-0.01067012108167734834
-0.01050016417516834097
-0.01033441386257161719
-0.01017594742169871357
-0.01002669557765680994
-0.00988769533679576679
-0.00975933188225187181
-0.00964154428033283523
-0.00953398728967637735
-0.00943615141949953259
-0.00934744776236938468
-0.00926726523033021519
-0.00919500727041381964
-0.00913011393129290610
-0.00907207383872690384
-0.00902042946132877027
-0.00897477809360678475
-0.00893477025273551641
-0.00890010664820484361
-0.00887053449962187796
-0.00884584370998940488
-0.00882586321854601265
-0.00881045773445492814
-0.00879952497215264785
-0.00879299345783782563
-0.00879082094495255671
-0.01146008552128107913
-0.01143456629823234871
-0.01136042842886592769
-0.01124437414880723012
-0.01109594436239367404
-0.01092573106699257571
-0.01074380072712686866
-0.01055865719969202414
-0.01037679578543321615
-0.01020271566100823188
-0.01003919944559076780
-0.00988769534242799411
-0.00974869510156695443
-0.00962205486617177114
-0.00950724277780812428
-0.00940351727856916786
-0.00931004834522456207
-0.00922599548818366783
-0.00915055483721543411
-0.00908298510436010217
-0.00902261968730085767
-0.00896887005590052411
-0.00892122393767924571
-0.00887924063671664474
-0.00884254499457125254
-0.00881082094064060059
-0.00878380520710562995
-0.00876128154220673187
-0.00874307560296898496
-0.00872905061506498020
-0.00871910383299624898
-0.00871316380450692929
-0.00871118842998669200
-0.01145397944442055893
-0.01142323834984659142
-0.01133452524869805675
-0.01119740598383775140
-0.01102507363948005900
-0.01083151819490531763
-0.01062927166652624308
-0.01042817495867737025
-0.01023508960668981921
-0.01005421918579211399
-0.00988769534777199713
-0.00973619124460921997
-0.00959944326286904862
-0.00947664482359896095
-0.00936671980140828600
-0.00926849977407804247
-0.00918083139188433962
-0.00910263616830215942
-0.00903293950656675580
-0.00897088077180069679
-0.00891571230748374258
-0.00886679248162314249
-0.00882357592679464467
-0.00878560287367058032
-0.00875248866920345925
-0.00872391406730045095
-0.00869961657520721895
-0.00867938296095705636
-0.00866304292879946716
-0.00865046392000164838
-0.00864154697649487449
-0.00863622360246426787
-0.00863445356675852579
-0.01144825802095269553
-0.01141048364914626356
-0.01130244745943869041
-0.01113824951424026953
-0.01093653733668716738
-0.01071592163971159771
-0.01049181429381915512
-0.01027517390626485339
-0.01007269339030186089
-0.00988769535277630660
-0.00972117151475618800
-0.00957267503419606536
-0.00944097682700045619
-0.00932450105478879222
-0.00922159083355609567
-0.00913065692864049178
-0.00905025159080096939
-0.00897909732923612459
-0.00891609017885676772
-0.00886028964255029458
-0.00881090256980970529
-0.00876726511284950730
-0.00872882499469791739
-0.00869512519599593969
-0.00866578952259595622
-0.00864051016331069711
-0.00861903716670708343
-0.00860116968462262821
-0.00858674880437118593
-0.00857565179571732374
-0.00856778761788952806
-0.00856309355796888542
-0.00856153290059310373
-0.01144297707955405953
-0.01139542108396534095
-0.01126108701911957520
-0.01106155360254234415
-0.01082377130558339652
-0.01057250460221134496
-0.01032615329225569471
-0.01009604062878767528
-0.00988769535739273016
-0.00970269731986717239
-0.00954030109847490634
-0.00939859491438750638
-0.00927522651902015251
-0.00916781227026405507
-0.00907414232151136993
-0.00899226559047081563
-0.00892050901949384238
-0.00885746395100011144
-0.00880195824758654016
-0.00875302415501424437
-0.00870986691520230123
-0.00867183636845011985
-0.00863840231473842618
-0.00860913366799495768
-0.00858368110293723958
-0.00856176277230615880
-0.00854315265760713892
-0.00852767115162835453
-0.00851517752585360076
-0.00850556399528477024
-0.00849875115014219092
-0.00849468457576471256
-0.00849333252836254916
-0.01143818823731513820
-0.01137647491460215890
-0.01120523194352536500
-0.01095896441584314970
-0.01067741871231438211
-0.01039307800538241330
-0.01012652003088104075
-0.00988769536157681553
-0.00967935009018187041
-0.00950021680808826700
-0.00934721575067144067
-0.00921673350431278203
-0.00910526961669523571
-0.00900971203749670324
-0.00892741675468003600
-0.00885619437003864161
-0.00879425877175787733
-0.00874016540549459389
-0.00869275169996537589
-0.00865108456848526566
-0.00861441622982384372
-0.00858214796195712164
-0.00855380078950312463
-0.00852899197199458517
-0.00850741623380669131
-0.00848883082495761020
-0.00847304366379832141
-0.00845990396199200467
-0.00844929486046343443
-0.00844112771132404620
-0.00843533772754330446
-0.00843188079280688708
-0.00843073128214284762
-0.01143393837332221802
-0.01135066803056712301
-0.01112573647084516212
-0.01081719848285971237
-0.01048439256111685647
-0.01016796931124948691
-0.00988769536528825987
-0.00964887069598402945
-0.00944923743042529532
-0.00928357642424540441
-0.00914611904653401218
-0.00903158998058938359
-0.00893554261590166418
-0.00885437713015171067
-0.00878523891821570910
-0.00872588741437650348
-0.00867457182809358920
-0.00862992575565270370
-0.00859088225809122308
-0.00855660715597556312
-0.00852644728196332718
-0.00849989054451115791
-0.00847653513755334750
-0.00845606576977718863
-0.00843823526860928985
-0.00842285030757773667
-0.00840976031378246405
-0.00839884884813194010
-0.00839002692989110344
-0.00838322791245661031
-0.00837840362019038123
-0.00837552153528088941
-0.00837456288567056846
-0.01143026914776641527
-0.01131191915137411477
-0.01100570004157202381
-0.01061502179245956204
-0.01022747004195995700
-0.00988769536849132095
-0.00960742142253009218
-0.00938231272468572144
-0.00920288612367270789
-0.00905946908155602984
-0.00894387252135800045
-0.00884965964392673936
-0.00877193238211784222
-0.00870701226975583234
-0.00865214647627723585
-0.00860527207378472027
-0.00856483740824786136
-0.00852967001509842906
-0.00849887983518889979
-0.00847178836441206048
-0.00844787660346553275
-0.00842674658763906299
-0.00840809274544706761
-0.00839168040968730870
-0.00837732957350290595
-0.00836490252913206847
-0.00835429441265586256
-0.00834542595156404637
-0.00833823790709598348
-0.00833268684377553442
-0.00832874196091668191
-0.00832638279675260683
-0.00832559767346941100
-0.01142721657236066106
-0.01124639731075284532
-0.01081222426417396271
-0.01031961441308586365
-0.00988769537115515192
-0.00954792069768651414
-0.00929099817532655185
-0.00909797202041758013
-0.00895161942296448382
-0.00883885338724428940
-0.00875031707944708484
-0.00867944635118946678
-0.00862164190119936447
-0.00857366004385282793
-0.00853319106554211067
-0.00849857321460180046
-0.00846859912238348729
-0.00844238394914232498
-0.00841927461763396223
-0.00839878653830625210
-0.00838055890321893343
-0.00836432266892378311
-0.00834987732224174578
-0.00833707380767856679
-0.00832580183807517249
-0.00831598036855567962
-0.00830755038805221224
-0.00830046943648686530
-0.00829470743005790954
-0.00829024349857275869
-0.00828706362481170834
-0.00828515893807817844
-0.00828452456023431871
-0.01142481063731390183
-0.01111766379904301563
-0.01047942335193065462
-0.00988769537325409967
-0.00945577633132338446
-0.00916036894928585511
-0.00895819225568264370
-0.00881642631898776549
-0.00871383712810448567
-0.00863714121179013326
-0.00857798473718834019
-0.00853101656687486193
-0.00849273320679504867
-0.00846079127822341875
-0.00843359298489671470
-0.00841003102657734980
-0.00838932798730512332
-0.00837093282599723175
-0.00835445263840783707
-0.00833960668738062058
-0.00832619479446566543
-0.00831407518476692808
-0.00830314867730650927
-0.00829334721593058197
-0.00828462542439905615
-0.00827695430736476341
-0.00827031650260618909
-0.00826470267671448530
-0.00826010878157640814
-0.00825653397425504289
-0.00825397906204248383
-0.00825244537643124096
-0.00825193401037372862
-0.01142307499948593680
-0.01080913209414169004
-0.00988769537476794948
-0.00929596739609139626
-0.00896316648174914042
-0.00876969070168724663
-0.00864965426921104549
-0.00857015879281940174
-0.00851430371304109750
-0.00847294326810556393
-0.00844086547384188465
-0.00841496228833001417
-0.00839330903805261819
-0.00837467740838990921
-0.00835826545769659257
-0.00834354146668350900
-0.00833015011850580557
-0.00831785415793843096
-0.00830649696246292882
-0.00829597783306969261
-0.00828623524606582340
-0.00827723521991929542
-0.00826896304988089699
-0.00826141731205034917
-0.00825460543165317494
-0.00824854035399788695
-0.00824323801091643611
-0.00823871537518178904
-0.00823498896101370302
-0.00823207367278219228
-0.00822998193410075934
-0.00822872305053522733
-0.00822830277428686190
-0.01142202673563377444
-0.00988769537568211579
-0.00896625865630837696
-0.00865772694989319982
-0.00852899343608442412
-0.00846347159279932718
-0.00842472271040324745
-0.00839891582265677068
-0.00837996964910950846
-0.00836490707931215882
-0.00835215237360751803
-0.00834082441987775945
-0.00833041312141189795
-0.00832061895927400409
-0.00831126802920837023
-0.00830226444782633868
-0.00829356234894320504
-0.00828514866257545717
-0.00827703208531661849
-0.00826923574150269930
-0.00826179212059192057
-0.00825473946366637665
-0.00824811910130161287
-0.00824197343558961092
-0.00823634437246831275
-0.00823127207966748223
-0.00822679398871983304
-0.00822294398694318682
-0.00821975176309801096
-0.00821724228216496287
-0.00821543537256631817
-0.00821434541454827381
-0.00821398112222585138
