-0.00000000000000000000
-0.00000000000000000001
0.00000000000000000002
0.00000000000000000001
-0.00000000000000000010
0.00000000000000000002
0.00000000000000000000
0.00000000000000000001
0.00000000000000000000
-0.00000000000000000004
-0.00000000000000000007
-0.00000000000000000001
0.00000000000000000001
-0.00000000000000000002
-0.00000000000000000008
0.00000000000000000003
-0.00000000000000000003
0.00000000000000000006
-0.00000000000000000010
0.00000000000000000007
0.00000000000000000005
0.00000000000000000001
0.00000000000000000009
0.00000000000000000007
-0.00000000000000000010
-0.00000000000000000004
0.00000000000000000014
-0.00000000000000000001
0.00000000000000000007
0.00000000000000000005
0.00000000000000000001
-0.00000000000000000002
0.00000000000000000000
0.00000000000000000000
-0.00153092712393409309
-0.00122108075383721903
-0.00091124121422493513
-0.00070969273688063252
-0.00057479180519932449
-0.00047930207063282075
-0.00040832321596261914
-0.00035343786588275391
-0.00030962578588242587
-0.00027373525350387647
-0.00024369764649482075
-0.00021810278479328409
-0.00019595769682497462
-0.00017654336473950171
-0.00015932626758397830
-0.00014390186128402356
-0.00012995736443186510
-0.00011724659806677373
-0.00010557257058476104
-0.00009477516770397381
-0.00008472228467626267
-0.00007530332706866135
-0.00006642437099341615
-0.00005800450463242311
-0.00004997302237715225
-0.00004226724150453372
-0.00003483077745737050
-0.00002761215882406175
-0.00002056369411757029
-0.00001364052396334938
-0.00000679980724238750
0.00000000000000000000
0.00000000000000000000
-0.00122108075383721903
-0.00152178001026333502
-0.00139769839261758575
-0.00120283800909667471
-0.00102753487526144978
-0.00088400128111968442
-0.00076805032580850642
-0.00067359214736292090
-0.00059552223742157699
-0.00052999229117535983
-0.00047417122755914526
-0.00042597410715435751
-0.00038384942355810809
-0.00034662652100275152
-0.00031340884217864523
-0.00028349939729651566
-0.00025634834869781644
-0.00023151573110368493
-0.00020864459465997997
-0.00018744139884385055
-0.00016766151051824440
-0.00014909833909759653
-0.00013157509446393877
-0.00011493845734057701
-0.00009905365818241793
-0.00008380060219526634
-0.00006907077621549353
-0.00005476474182962801
-0.00004079006749177911
-0.00002705958661822994
-0.00001348989278884900
0.00000000000000000000
0.00000000000000000000
-0.00091124121422493534
-0.00139769839261758531
-0.00150658136984124953
-0.00143613765490037664
-0.00130798448264873336
-0.00117266148004095184
-0.00104735170027391283
-0.00093630666498058083
-0.00083924133227385243
-0.00075450763104626241
-0.00068023853519790672
-0.00061472705605843678
-0.00055652236753452923
-0.00050442619036294664
-0.00045745869792941879
-0.00041481946600591439
-0.00037585210690041190
-0.00034001479706599787
-0.00030685658207703787
-0.00027599862364568241
-0.00024711944180618090
-0.00021994330271436736
-0.00019423105255370033
-0.00016977284336196669
-0.00014638231941055573
-0.00012389193058525065
-0.00010214911482057655
-0.00008101314910409184
-0.00006035251177098904
-0.00004004263097615203
-0.00001996391787075909
0.00000000000000000000
0.00000000000000000000
-0.00070969273688063230
-0.00120283800909667428
-0.00143613765490037664
-0.00148540202808838040
-0.00143594821814263204
-0.00134339108459241422
-0.00123709660894028906
-0.00113088785205053746
-0.00103061062919075326
-0.00093828303243357280
-0.00085417485033451479
-0.00077781063746650307
-0.00070844249055933555
-0.00064526655173163935
-0.00058751669716110299
-0.00053449995153251784
-0.00048560485534645788
-0.00044029789460095937
-0.00039811525673383492
-0.00035865333496229245
-0.00032155951817826545
-0.00028652388394585765
-0.00025327197198631989
-0.00022155861386950168
-0.00019116271081183673
-0.00016188282472598007
-0.00013353344731713377
-0.00010594182270667280
-0.00007894521321123046
-0.00005238851191080601
-0.00002612211789885892
0.00000000000000000000
0.00000000000000000000
-0.00057479180519932405
-0.00102753487526144978
-0.00130798448264873336
-0.00143594821814263139
-0.00145834311676738392
-0.00141826287324535449
-0.00134565878069800278
-0.00125873240751328357
-0.00116770692001894310
-0.00107797815050483434
-0.00099218495175100235
-0.00091144524357487618
-0.00083606209614901273
-0.00076591814984772817
-0.00070069280552974972
-0.00063998008713629358
-0.00058335119148307047
-0.00053038636657165507
-0.00048068988879181745
-0.00043389584118538557
-0.00038966900334751924
-0.00034770326024880177
-0.00030771886425269308
-0.00026945927749216737
-0.00023268797780196551
-0.00019718541695331639
-0.00016274621081856087
-0.00012917658075516856
-0.00009629203297957989
-0.00006391524590559629
-0.00003187412734073411
0.00000000000000000000
0.00000000000000000000
-0.00047930207063282091
-0.00088400128111968442
-0.00117266148004095271
-0.00134339108459241401
-0.00141826287324535384
-0.00142553798475617433
-0.00138974317690237592
-0.00132882119105830589
-0.00125472210150486376
-0.00117495051435571179
-0.00109401538715638491
-0.00101450850854173835
-0.00093783156558175697
-0.00086466281395790789
-0.00079524886825534048
-0.00072958444208817935
-0.00066752196699033776
-0.00060883783961756654
-0.00055327199464361393
-0.00050055112279318817
-0.00045040188816533621
-0.00040255805510020100
-0.00035676393218739169
-0.00031277561609493402
-0.00027036094697836078
-0.00022929873359566041
-0.00018937758647136020
-0.00015039456049219301
-0.00011215372284260466
-0.00007446470886871362
-0.00003714129531744056
0.00000000000000000000
0.00000000000000000000
-0.00040832321596261903
-0.00076805032580850598
-0.00104735170027391326
-0.00123709660894028928
-0.00134565878069800170
-0.00138974317690237614
-0.00138715455870880820
-0.00135311288865773102
-0.00129920503621383998
-0.00123365809497681103
-0.00116205042744447389
-0.00108803575830559432
-0.00101393281705100145
-0.00094116009662804120
-0.00087054008186132137
-0.00080250594212896568
-0.00073723954232849179
-0.00067476261257162198
-0.00061499653194098478
-0.00055780128490556943
-0.00050300066799306264
-0.00045039844372558792
-0.00039978854394096854
-0.00035096136740417252
-0.00030370751916174713
-0.00025781987960138278
-0.00021309458827323659
-0.00016933132754345936
-0.00012633315891696760
-0.00008390607740925909
-0.00004185839167801259
0.00000000000000000005
0.00000000000000000000
-0.00035343786588275440
-0.00067359214736292176
-0.00093630666498058137
-0.00113088785205053746
-0.00125873240751328379
-0.00132882119105830546
-0.00135311288865773167
-0.00134339807720712349
-0.00130974927898487169
-0.00126007826886323873
-0.00120027262660900389
-0.00113455251637446168
-0.00106585763880793160
-0.00099618476878508616
-0.00092685434314521403
-0.00085870990698595252
-0.00079226263938854424
-0.00072779405458511326
-0.00066542809282647093
-0.00060518132400739155
-0.00054699771662406827
-0.00049077261085549119
-0.00043636917555898113
-0.00038362964591487944
-0.00033238294160872002
-0.00028244977724997835
-0.00023364603700753317
-0.00018578494994871733
-0.00013867843975797791
-0.00009213791031365595
-0.00004597465177690898
0.00000000000000000000
0.00000000000000000000
-0.00030962578588242582
-0.00059552223742157710
-0.00083924133227385308
-0.00103061062919075326
-0.00116770692001894397
-0.00125472210150486376
-0.00129920503621383933
-0.00130974927898487147
-0.00129451410063886256
-0.00126050295194960285
-0.00121335560176672927
-0.00115742102510365706
-0.00109594940581569239
-0.00103131091186536936
-0.00096519712264325264
-0.00089878901518106256
-0.00083288953063080597
-0.00076802473913754725
-0.00070451942160246715
-0.00064255277125250610
-0.00058219908091450398
-0.00052345729099771026
-0.00046627236555581836
-0.00041055071576852798
-0.00035617130689029938
-0.00030299364436289279
-0.00025086350897736686
-0.00019961707309150856
-0.00014908385791884821
-0.00009908886867194812
-0.00004945415705827534
0.00000000000000000000
0.00000000000000000000
-0.00027373525350387652
-0.00052999229117536004
-0.00075450763104626252
-0.00093828303243357301
-0.00107797815050483413
-0.00117495051435571158
-0.00123365809497681103
-0.00126007826886323808
-0.00126050295194960263
-0.00124079167570814047
-0.00120600691283128270
-0.00116030795320077543
-0.00110699203818501613
-0.00104860377157771898
-0.00098706484300488872
-0.00092379878157603543
-0.00085983969882823881
-0.00079592193352543696
-0.00073255144291580615
-0.00067006140079205580
-0.00060865486354206070
-0.00054843719700535629
-0.00048944056943778756
-0.00043164238425714215
-0.00037497912871917833
-0.00031935677926661664
-0.00026465863489459683
-0.00021075124011689215
-0.00015748889932928119
-0.00010471716482125722
-0.00005227559292324252
0.00000000000000000000
0.00000000000000000000
-0.00024369764649482086
-0.00047417122755914526
-0.00068023853519790639
-0.00085417485033451425
-0.00099218495175100148
-0.00109401538715638534
-0.00116205042744447432
-0.00120027262660900454
-0.00121335560176672884
-0.00120600691283128357
-0.00118256650849318714
-0.00114680957446038805
-0.00110188856962846514
-0.00105035757650627243
-0.00099423771126973303
-0.00093509726004123407
-0.00087413156437623628
-0.00081223525648134670
-0.00075006402371090189
-0.00068808559808624455
-0.00062662089172599365
-0.00056587667667802361
-0.00050597128586599691
-0.00044695469866797715
-0.00038882418671179789
-0.00033153649387025015
-0.00027501733814521150
-0.00021916886356254087
-0.00016387553977762007
-0.00010900890406283860
-0.00005443146140010413
0.00000000000000000000
0.00000000000000000000
-0.00021810278479328436
-0.00042597410715435730
-0.00061472705605843711
-0.00077781063746650296
-0.00091144524357487597
-0.00101450850854173857
-0.00108803575830559432
-0.00113455251637446146
-0.00115742102510365749
-0.00116030795320077457
-0.00114680957446038762
-0.00112022397398768353
-0.00108343835371724879
-0.00103889559093337750
-0.00098860928604617079
-0.00093420452495810596
-0.00087696920531587087
-0.00081790677147291992
-0.00075778540454212492
-0.00069718141585312793
-0.00063651619927571068
-0.00057608697289346334
-0.00051609195834957688
-0.00045665079629053943
-0.00039782100085725277
-0.00033961118972254689
-0.00028199173200512079
-0.00022490335813018147
-0.00016826418523602097
-0.00011197553421544732
-0.00005592685149558398
0.00000000000000000000
0.00000000000000000000
-0.00019595769682497437
-0.00038384942355810896
-0.00055652236753452923
-0.00070844249055933566
-0.00083606209614901339
-0.00093783156558175707
-0.00101393281705100167
-0.00106585763880793116
-0.00109594940581569152
-0.00110699203818501635
-0.00110188856962846449
-0.00108343835371724792
-0.00105420176421247786
-0.00101643272230642697
-0.00097205854221076775
-0.00092268962858004942
-0.00086964585190142543
-0.00081399052804348145
-0.00075656624124435660
-0.00069802916699963544
-0.00063888018618559080
-0.00057949211663775753
-0.00052013299968925203
-0.00046098570951625761
-0.00040216430713621760
-0.00034372761039221566
-0.00028569044316204841
-0.00022803299070449910
-0.00017070864108586809
-0.00011365064505817709
-0.00005677788397697559
0.00000000000000000000
0.00000000000000000000
-0.00017654336473950185
-0.00034662652100275125
-0.00050442619036294674
-0.00064526655173163978
-0.00076591814984772882
-0.00086466281395790789
-0.00094116009662804142
-0.00099618476878508681
-0.00103131091186536893
-0.00104860377157771833
-0.00105035757650627113
-0.00103889559093337772
-0.00101643272230642870
-0.00098499195288174655
-0.00094636236983701937
-0.00090208662024929677
-0.00085346745166312715
-0.00080158540696835914
-0.00074732204663779511
-0.00069138497646586050
-0.00063433239648330478
-0.00057659590057043816
-0.00051850093139311256
-0.00046028472015399551
-0.00040211179116651145
-0.00034408724615104538
-0.00028626810498699360
-0.00022867299783230145
-0.00017129049757874909
-0.00011408636408577065
-0.00005700995031123195
0.00000000000000000000
0.00000000000000000000
-0.00015932626758397828
-0.00031340884217864512
-0.00045745869792941955
-0.00058751669716110343
-0.00070069280552975005
-0.00079524886825534048
-0.00087054008186132192
-0.00092685434314521435
-0.00096519712264325232
-0.00098706484300488872
-0.00099423771126973281
-0.00098860928604617014
-0.00097205854221076786
-0.00094636236983701926
-0.00091314223439892348
-0.00087383726536945821
-0.00082969630179308780
-0.00078178254821989783
-0.00073098589742778440
-0.00067803932228252756
-0.00062353687377261573
-0.00056795170335085165
-0.00051165317156666814
-0.00045492255228331638
-0.00039796713821942239
-0.00034093274045445389
-0.00028391468545473639
-0.00022696747360179354
-0.00017011329160214396
-0.00011334958041891232
-0.00005665585921742986
0.00000000000000000000
0.00000000000000000000
-0.00014390186128402380
-0.00028349939729651566
-0.00041481946600591439
-0.00053449995153251849
-0.00063998008713629325
-0.00072958444208817913
-0.00080250594212896611
-0.00085870990698595296
-0.00089878901518106169
-0.00092379878157603445
-0.00093509726004123515
-0.00093420452495810553
-0.00092268962858004996
-0.00090208662024929742
-0.00087383726536945799
-0.00083925608130131532
-0.00079951269888450241
-0.00075562682349286517
-0.00070847177341921779
-0.00065878341903569517
-0.00060717215965105258
-0.00055413627253659333
-0.00050007552386169588
-0.00044530434968646782
-0.00039006421664035894
-0.00033453498063099908
-0.00027884520086910250
-0.00022308145517013420
-0.00016729675634037384
-0.00011151820011662380
-0.00005575399106439702
0.00000000000000000000
0.00000000000000000000
-0.00012995736443186494
-0.00025634834869781649
-0.00037585210690041233
-0.00048560485534645701
-0.00058335119148307079
-0.00066752196699033841
-0.00073723954232849190
-0.00079226263938854511
-0.00083288953063080672
-0.00085983969882823892
-0.00087413156437623509
-0.00087696920531587065
-0.00086964585190142565
-0.00085346745166312672
-0.00082969630179308693
-0.00079951269888450197
-0.00076399156024875711
-0.00072409072674030231
-0.00068064787452923987
-0.00063438341337605677
-0.00058590727458490460
-0.00053572799894864489
-0.00048426297644759829
-0.00043184904864327278
-0.00037875296277236356
-0.00032518137340489871
-0.00027129023622931561
-0.00021719354210080312
-0.00016297140944185123
-0.00010867759884889111
-0.00005434654268354571
0.00000000000000000000
0.00000000000000000000
-0.00011724659806677411
-0.00023151573110368525
-0.00034001479706599803
-0.00044029789460095926
-0.00053038636657165409
-0.00060883783961756621
-0.00067476261257162166
-0.00072779405458511337
-0.00076802473913754844
-0.00079592193352543664
-0.00081223525648134736
-0.00081790677147291959
-0.00081399052804348102
-0.00080158540696835946
-0.00078178254821989815
-0.00075562682349286561
-0.00072409072674030058
-0.00068805855558706091
-0.00064831866937506964
-0.00060556177575903493
-0.00056038349209494944
-0.00051328976405900671
-0.00046470404931562767
-0.00041497546112415529
-0.00036438730494239347
-0.00031316562994088333
-0.00026148756182781206
-0.00020948929065033755
-0.00015727366477399376
-0.00010491739689337710
-0.00005247792546813235
0.00000000000000000000
0.00000000000000000000
-0.00010557257058476071
-0.00020864459465998007
-0.00030685658207703804
-0.00039811525673383416
-0.00048068988879181756
-0.00055327199464361469
-0.00061499653194098532
-0.00066542809282647190
-0.00070451942160246737
-0.00073255144291580604
-0.00075006402371090232
-0.00075778540454212568
-0.00075656624124435605
-0.00074732204663779532
-0.00073098589742778364
-0.00070847177341921822
-0.00068064787452924052
-0.00064831866937506899
-0.00061221417469906384
-0.00057298494506922309
-0.00053120137613225970
-0.00048735612163308391
-0.00044186864541690990
-0.00039509114416579668
-0.00034731526817724664
-0.00029877922917661930
-0.00024967501507146923
-0.00020015553412897720
-0.00015034158922403704
-0.00010032864088602785
-0.00005019335993202822
0.00000000000000000000
0.00000000000000000000
-0.00009477516770397312
-0.00018744139884385025
-0.00027599862364568214
-0.00035865333496229283
-0.00043389584118538589
-0.00050055112279318731
-0.00055780128490556964
-0.00060518132400739155
-0.00064255277125250599
-0.00067006140079205558
-0.00068808559808624422
-0.00069718141585312738
-0.00069802916699963577
-0.00069138497646585963
-0.00067803932228252713
-0.00065878341903569560
-0.00063438341337605677
-0.00060556177575903482
-0.00057298494506922320
-0.00053725615364252314
-0.00049891236818665663
-0.00045842437409467952
-0.00041619916562258088
-0.00037258395360993668
-0.00032787124761122317
-0.00028230460026453679
-0.00023608471387277200
-0.00018937570154085062
-0.00014231136891820035
-0.00009500143977444304
-0.00004753769174685018
0.00000000000000000000
0.00000000000000000000
-0.00008472228467626277
-0.00016766151051824437
-0.00024711944180618112
-0.00032155951817826594
-0.00038966900334751940
-0.00045040188816533556
-0.00050300066799306221
-0.00054699771662406827
-0.00058219908091450485
-0.00060865486354206037
-0.00062662089172599278
-0.00063651619927571046
-0.00063888018618559036
-0.00063433239648330456
-0.00062353687377261562
-0.00060717215965105172
-0.00058590727458490493
-0.00056038349209494977
-0.00053120137613226013
-0.00049891236818665674
-0.00046401414690389606
-0.00042694900148348112
-0.00038810452907277995
-0.00034781606121963367
-0.00030637032783082199
-0.00026400996777266338
-0.00022093858674708511
-0.00017732614226178249
-0.00013331450148609743
-0.00008902307096779591
-0.00004455443867914469
0.00000000000000000000
0.00000000000000000000
-0.00007530332706866163
-0.00014909833909759686
-0.00021994330271436736
-0.00028652388394585765
-0.00034770326024880123
-0.00040255805510020171
-0.00045039844372558836
-0.00049077261085549086
-0.00052345729099770961
-0.00054843719700535542
-0.00056587667667802382
-0.00057608697289346302
-0.00057949211663775797
-0.00057659590057043762
-0.00056795170335085165
-0.00055413627253659257
-0.00053572799894864424
-0.00051328976405900649
-0.00048735612163308380
-0.00045842437409467985
-0.00042694900148348167
-0.00039333887194509460
-0.00035795668424492882
-0.00032112014528509107
-0.00028310445393381518
-0.00024414573586423188
-0.00020444514543061919
-0.00016417341563656996
-0.00012347569379057318
-0.00008247654770578708
-0.00004128506533187712
0.00000000000000000000
0.00000000000000000000
-0.00006642437099341608
-0.00013157509446393866
-0.00019423105255369989
-0.00025327197198631989
-0.00030771886425269308
-0.00035676393218739071
-0.00039978854394096832
-0.00043636917555898102
-0.00046627236555581836
-0.00048944056943778767
-0.00050597128586599659
-0.00051609195834957731
-0.00052013299968925236
-0.00051850093139311256
-0.00051165317156666771
-0.00050007552386169567
-0.00048426297644759829
-0.00046470404931562789
-0.00044186864541690980
-0.00041619916562258088
-0.00038810452907278006
-0.00035795668424492861
-0.00032608918605983648
-0.00029279743583550183
-0.00025834022158578804
-0.00022294224651833917
-0.00018679738673655234
-0.00015007247047218867
-0.00011291141781626297
-0.00007543962031526991
-0.00003776847327295119
0.00000000000000000000
0.00000000000000000000
-0.00005800450463242247
-0.00011493845734057684
-0.00016977284336196653
-0.00022155861386950184
-0.00026945927749216650
-0.00031277561609493413
-0.00035096136740417219
-0.00038362964591487966
-0.00041055071576852733
-0.00043164238425714193
-0.00044695469866797770
-0.00045665079629053868
-0.00046098570951625805
-0.00046028472015399540
-0.00045492255228331681
-0.00044530434968646792
-0.00043184904864327256
-0.00041497546112415594
-0.00039509114416579657
-0.00037258395360993657
-0.00034781606121963421
-0.00032112014528509064
-0.00029279743583550280
-0.00026311729592395070
-0.00023231804060445710
-0.00020060872724471151
-0.00016817168856245152
-0.00013516561875363370
-0.00010172906022754387
-0.00006798417182382887
-0.00003404068782309453
0.00000000000000000000
0.00000000000000000000
-0.00004997302237715200
-0.00009905365818241790
-0.00014638231941055567
-0.00019116271081183605
-0.00023268797780196551
-0.00027036094697836116
-0.00030370751916174719
-0.00033238294160871970
-0.00035617130689029883
-0.00037497912871917757
-0.00038882418671179638
-0.00039782100085725288
-0.00040216430713621825
-0.00040211179116651221
-0.00039796713821942293
-0.00039006421664035883
-0.00037875296277236318
-0.00036438730494239358
-0.00034731526817724550
-0.00032787124761122192
-0.00030637032783082188
-0.00028310445393381573
-0.00025834022158578783
-0.00023231804060445743
-0.00020525243249643369
-0.00017733324061074688
-0.00014872755695491809
-0.00011958219820009460
-0.00009002659201151663
-0.00006017596151481160
-0.00003013471909529705
0.00000000000000000000
0.00000000000000000000
-0.00004226724150453337
-0.00008380060219526671
-0.00012389193058525084
-0.00016188282472597997
-0.00019718541695331666
-0.00022929873359566041
-0.00025781987960138197
-0.00028244977724997818
-0.00030299364436289224
-0.00031935677926661599
-0.00033153649387025015
-0.00033961118972254711
-0.00034372761039221588
-0.00034408724615104418
-0.00034093274045445324
-0.00033453498063099946
-0.00032518137340489806
-0.00031316562994088408
-0.00029877922917661995
-0.00028230460026453685
-0.00026400996777266317
-0.00024414573586423199
-0.00022294224651834004
-0.00020060872724471141
-0.00017733324061074715
-0.00015328345642282986
-0.00012860808338009910
-0.00010343881700022043
-0.00007789268192864098
-0.00005207466741079825
-0.00002608057334351085
0.00000000000000000000
0.00000000000000000000
-0.00003483077745736975
-0.00006907077621549363
-0.00010214911482057636
-0.00013353344731713420
-0.00016274621081856130
-0.00018937758647136132
-0.00021309458827323689
-0.00023364603700753365
-0.00025086350897736746
-0.00026465863489459640
-0.00027501733814521139
-0.00028199173200512101
-0.00028569044316204830
-0.00028626810498699442
-0.00028391468545473629
-0.00027884520086910206
-0.00027129023622931528
-0.00026148756182781151
-0.00024967501507146923
-0.00023608471387277254
-0.00022093858674708511
-0.00020444514543061984
-0.00018679738673655261
-0.00016817168856245206
-0.00014872755695491781
-0.00012860808338009883
-0.00010794098057787798
-0.00008684007879290932
-0.00006540717950713455
-0.00004373417929321436
-0.00002190539077413887
0.00000000000000000000
0.00000000000000000000
-0.00002761215882406201
-0.00005476474182962859
-0.00008101314910409239
-0.00010594182270667234
-0.00012917658075516797
-0.00015039456049219311
-0.00016933132754345882
-0.00018578494994871689
-0.00019961707309150799
-0.00021075124011689231
-0.00021916886356254108
-0.00022490335813018147
-0.00022803299070449888
-0.00022867299783230145
-0.00022696747360179397
-0.00022308145517013528
-0.00021719354210080399
-0.00020948929065033733
-0.00020015553412897703
-0.00018937570154084965
-0.00017732614226178222
-0.00016417341563656891
-0.00015007247047218889
-0.00013516561875363299
-0.00011958219820009462
-0.00010343881700021999
-0.00008684007879290973
-0.00006987969453208786
-0.00005264189847325134
-0.00003520309669429746
-0.00001763368720520908
0.00000000000000000000
0.00000000000000000000
-0.00002056369411756980
-0.00004079006749177946
-0.00006035251177098836
-0.00007894521321123070
-0.00009629203297958016
-0.00011215372284260395
-0.00012633315891696800
-0.00013867843975797807
-0.00014908385791884870
-0.00015748889932928079
-0.00016387553977762045
-0.00016826418523602097
-0.00017070864108586844
-0.00017129049757875001
-0.00017011329160214329
-0.00016729675634037471
-0.00016297140944185161
-0.00015727366477399273
-0.00015034158922403720
-0.00014231136891820035
-0.00013331450148609751
-0.00012347569379057285
-0.00011291141781626338
-0.00010172906022754401
-0.00009002659201151701
-0.00007789268192864079
-0.00006540717950713403
-0.00005264189847325142
-0.00003966163845690244
-0.00002652539044276027
-0.00001328767888307925
0.00000000000000000000
0.00000000000000000000
-0.00001364052396334971
-0.00002705958661822948
-0.00004004263097615197
-0.00005238851191080600
-0.00006391524590559646
-0.00007446470886871368
-0.00008390607740925867
-0.00009213791031365597
-0.00009908886867194741
-0.00010471716482125738
-0.00010900890406283871
-0.00011197553421544754
-0.00011365064505817701
-0.00011408636408577090
-0.00011334958041891272
-0.00011151820011662362
-0.00010867759884889151
-0.00010491739689337656
-0.00010032864088602831
-0.00009500143977444385
-0.00008902307096779461
-0.00008247654770578677
-0.00007543962031526932
-0.00006798417182382927
-0.00006017596151481177
-0.00005207466741079825
-0.00004373417929321344
-0.00003520309669429692
-0.00002652539044276020
-0.00001774119106150539
-0.00000888767201165376
0.00000000000000000000
0.00000000000000000000
-0.00000679980724238798
-0.00001348989278884865
-0.00001996391787075976
-0.00002612211789885796
-0.00003187412734073323
-0.00003714129531744121
-0.00004185839167801190
-0.00004597465177690811
-0.00004945415705827522
-0.00005227559292324290
-0.00005443146140010444
-0.00005592685149558366
-0.00005677788397697600
-0.00005700995031123186
-0.00005665585921742956
-0.00005575399106439757
-0.00005434654268354597
-0.00005247792546813203
-0.00005019335993202825
-0.00004753769174685014
-0.00004455443867914491
-0.00004128506533187697
-0.00003776847327295188
-0.00003404068782309445
-0.00003013471909529729
-0.00002608057334351098
-0.00002190539077413918
-0.00001763368720520883
-0.00001328767888307941
-0.00000888767201165425
-0.00000445250081401556
0.00000000000000000000
0.00000000000000000000
0.00000000000000000001
-0.00000000000000000015
0.00000000000000000001
0.00000000000000000000
0.00000000000000000003
0.00000000000000000012
-0.00000000000000000002
-0.00000000000000000010
0.00000000000000000004
-0.00000000000000000001
-0.00000000000000000003
0.00000000000000000010
0.00000000000000000018
0.00000000000000000003
0.00000000000000000004
-0.00000000000000000016
0.00000000000000000001
0.00000000000000000003
0.00000000000000000001
0.00000000000000000009
0.00000000000000000014
0.00000000000000000006
0.00000000000000000017
0.00000000000000000000
-0.00000000000000000021
0.00000000000000000007
-0.00000000000000000019
0.00000000000000000005
0.00000000000000000021
-0.00000000000000000005
-0.00000000000000000011
0.00000000000000000000
0.00000000000000000000
0.00000679980724238764
0.00001348989278884831
0.00001996391787075964
0.00002612211789885784
0.00003187412734073336
0.00003714129531744123
0.00004185839167801167
0.00004597465177690835
0.00004945415705827543
0.00005227559292324304
0.00005443146140010465
0.00005592685149558390
0.00005677788397697588
0.00005700995031123188
0.00005665585921742944
0.00005575399106439752
0.00005434654268354563
0.00005247792546813207
0.00005019335993202819
0.00004753769174685017
0.00004455443867914518
0.00004128506533187693
0.00003776847327295168
0.00003404068782309454
0.00003013471909529720
0.00002608057334351078
0.00002190539077413910
0.00001763368720520897
0.00001328767888307943
0.00000888767201165425
0.00000445250081401563
0.00000000000000000000
0.00000000000000000000
0.00001364052396334960
0.00002705958661822950
0.00004004263097615183
0.00005238851191080591
0.00006391524590559680
0.00007446470886871367
0.00008390607740925879
0.00009213791031365607
0.00009908886867194755
0.00010471716482125726
0.00010900890406283874
0.00011197553421544762
0.00011365064505817712
0.00011408636408577057
0.00011334958041891245
0.00011151820011662367
0.00010867759884889157
0.00010491739689337640
0.00010032864088602820
0.00009500143977444374
0.00008902307096779455
0.00008247654770578688
0.00007543962031526935
0.00006798417182382889
0.00006017596151481166
0.00005207466741079846
0.00004373417929321320
0.00003520309669429689
0.00002652539044276031
0.00001774119106150523
0.00000888767201165376
0.00000000000000000000
0.00000000000000000000
0.00002056369411757006
0.00004079006749177947
0.00006035251177098833
0.00007894521321123046
0.00009629203297958050
0.00011215372284260417
0.00012633315891696789
0.00013867843975797807
0.00014908385791884891
0.00015748889932928054
0.00016387553977762040
0.00016826418523602080
0.00017070864108586836
0.00017129049757875003
0.00017011329160214329
0.00016729675634037449
0.00016297140944185180
0.00015727366477399289
0.00015034158922403685
0.00014231136891820027
0.00013331450148609735
0.00012347569379057288
0.00011291141781626359
0.00010172906022754412
0.00009002659201151722
0.00007789268192864076
0.00006540717950713400
0.00005264189847325131
0.00003966163845690228
0.00002652539044276019
0.00001328767888307924
0.00000000000000000000
0.00000000000000000000
0.00002761215882406181
0.00005476474182962843
0.00008101314910409247
0.00010594182270667234
0.00012917658075516818
0.00015039456049219322
0.00016933132754345871
0.00018578494994871678
0.00019961707309150810
0.00021075124011689221
0.00021916886356254065
0.00022490335813018104
0.00022803299070449899
0.00022867299783230135
0.00022696747360179375
0.00022308145517013517
0.00021719354210080394
0.00020948929065033723
0.00020015553412897698
0.00018937570154084970
0.00017732614226178227
0.00016417341563656888
0.00015007247047218910
0.00013516561875363304
0.00011958219820009443
0.00010343881700022018
0.00008684007879290967
0.00006987969453208762
0.00005264189847325150
0.00003520309669429741
0.00001763368720520913
0.00000000000000000000
0.00000000000000000000
0.00003483077745737004
0.00006907077621549363
0.00010214911482057625
0.00013353344731713437
0.00016274621081856141
0.00018937758647136134
0.00021309458827323692
0.00023364603700753376
0.00025086350897736746
0.00026465863489459607
0.00027501733814521123
0.00028199173200512025
0.00028569044316204830
0.00028626810498699436
0.00028391468545473645
0.00027884520086910195
0.00027129023622931539
0.00026148756182781173
0.00024967501507146918
0.00023608471387277243
0.00022093858674708501
0.00020444514543061963
0.00018679738673655266
0.00016817168856245196
0.00014872755695491776
0.00012860808338009867
0.00010794098057787777
0.00008684007879290956
0.00006540717950713457
0.00004373417929321444
0.00002190539077413881
0.00000000000000000000
0.00000000000000000000
0.00004226724150453334
0.00008380060219526635
0.00012389193058525062
0.00016188282472598018
0.00019718541695331709
0.00022929873359566068
0.00025781987960138181
0.00028244977724997808
0.00030299364436289230
0.00031935677926661637
0.00033153649387024982
0.00033961118972254727
0.00034372761039221550
0.00034408724615104483
0.00034093274045445351
0.00033453498063099930
0.00032518137340489827
0.00031316562994088387
0.00029877922917661962
0.00028230460026453685
0.00026400996777266317
0.00024414573586423194
0.00022294224651834009
0.00020060872724471141
0.00017733324061074704
0.00015328345642283013
0.00012860808338009894
0.00010343881700022054
0.00007789268192864103
0.00005207466741079822
0.00002608057334351082
0.00000000000000000000
0.00000000000000000000
0.00004997302237715202
0.00009905365818241828
0.00014638231941055567
0.00019116271081183616
0.00023268797780196546
0.00027036094697836121
0.00030370751916174686
0.00033238294160871991
0.00035617130689029959
0.00037497912871917801
0.00038882418671179692
0.00039782100085725245
0.00040216430713621782
0.00040211179116651221
0.00039796713821942283
0.00039006421664035873
0.00037875296277236351
0.00036438730494239347
0.00034731526817724533
0.00032787124761122176
0.00030637032783082193
0.00028310445393381551
0.00025834022158578772
0.00023231804060445743
0.00020525243249643369
0.00017733324061074677
0.00014872755695491803
0.00011958219820009449
0.00009002659201151684
0.00006017596151481177
0.00003013471909529711
0.00000000000000000000
0.00000000000000000000
0.00005800450463242293
0.00011493845734057711
0.00016977284336196655
0.00022155861386950174
0.00026945927749216661
0.00031277561609493429
0.00035096136740417203
0.00038362964591487944
0.00041055071576852787
0.00043164238425714172
0.00044695469866797748
0.00045665079629053911
0.00046098570951625794
0.00046028472015399540
0.00045492255228331692
0.00044530434968646782
0.00043184904864327267
0.00041497546112415594
0.00039509114416579668
0.00037258395360993657
0.00034781606121963427
0.00032112014528509075
0.00029279743583550280
0.00026311729592395081
0.00023231804060445710
0.00020060872724471151
0.00016817168856245158
0.00013516561875363364
0.00010172906022754382
0.00006798417182382870
0.00003404068782309432
0.00000000000000000000
0.00000000000000000000
0.00006642437099341633
0.00013157509446393856
0.00019423105255369989
0.00025327197198631967
0.00030771886425269281
0.00035676393218739082
0.00039978854394096810
0.00043636917555898102
0.00046627236555581847
0.00048944056943778778
0.00050597128586599691
0.00051609195834957688
0.00052013299968925214
0.00051850093139311278
0.00051165317156666771
0.00050007552386169599
0.00048426297644759808
0.00046470404931562767
0.00044186864541690990
0.00041619916562258056
0.00038810452907277985
0.00035795668424492872
0.00032608918605983648
0.00029279743583550183
0.00025834022158578804
0.00022294224651833912
0.00018679738673655250
0.00015007247047218878
0.00011291141781626275
0.00007543962031526991
0.00003776847327295130
0.00000000000000000000
0.00000000000000000000
0.00007530332706866158
0.00014909833909759670
0.00021994330271436747
0.00028652388394585803
0.00034770326024880112
0.00040255805510020165
0.00045039844372558814
0.00049077261085549108
0.00052345729099770994
0.00054843719700535607
0.00056587667667802415
0.00057608697289346280
0.00057949211663775731
0.00057659590057043816
0.00056795170335085187
0.00055413627253659290
0.00053572799894864456
0.00051328976405900638
0.00048735612163308380
0.00045842437409467963
0.00042694900148348178
0.00039333887194509460
0.00035795668424492872
0.00032112014528509107
0.00028310445393381508
0.00024414573586423183
0.00020444514543061930
0.00016417341563656980
0.00012347569379057312
0.00008247654770578703
0.00004128506533187712
0.00000000000000000000
0.00000000000000000000
0.00008472228467626293
0.00016766151051824464
0.00024711944180618101
0.00032155951817826567
0.00038966900334751935
0.00045040188816533534
0.00050300066799306231
0.00054699771662406848
0.00058219908091450452
0.00060865486354206037
0.00062662089172599289
0.00063651619927571046
0.00063888018618559026
0.00063433239648330467
0.00062353687377261508
0.00060717215965105161
0.00058590727458490482
0.00056038349209494977
0.00053120137613226024
0.00049891236818665652
0.00046401414690389585
0.00042694900148348123
0.00038810452907278006
0.00034781606121963356
0.00030637032783082199
0.00026400996777266338
0.00022093858674708501
0.00017732614226178227
0.00013331450148609754
0.00008902307096779607
0.00004455443867914480
0.00000000000000000000
0.00000000000000000000
0.00009477516770397312
0.00018744139884385020
0.00027599862364568176
0.00035865333496229278
0.00043389584118538600
0.00050055112279318731
0.00055780128490556954
0.00060518132400739144
0.00064255277125250599
0.00067006140079205558
0.00068808559808624411
0.00069718141585312793
0.00069802916699963631
0.00069138497646586039
0.00067803932228252756
0.00065878341903569538
0.00063438341337605688
0.00060556177575903482
0.00057298494506922331
0.00053725615364252324
0.00049891236818665674
0.00045842437409467942
0.00041619916562258088
0.00037258395360993625
0.00032787124761122285
0.00028230460026453679
0.00023608471387277200
0.00018937570154085068
0.00014231136891820013
0.00009500143977444304
0.00004753769174685029
0.00000000000000000000
0.00000000000000000000
0.00010557257058476071
0.00020864459465998029
0.00030685658207703787
0.00039811525673383433
0.00048068988879181778
0.00055327199464361458
0.00061499653194098554
0.00066542809282647190
0.00070451942160246748
0.00073255144291580561
0.00075006402371090200
0.00075778540454212568
0.00075656624124435595
0.00074732204663779500
0.00073098589742778418
0.00070847177341921790
0.00068064787452924063
0.00064831866937506877
0.00061221417469906373
0.00057298494506922287
0.00053120137613225959
0.00048735612163308402
0.00044186864541690969
0.00039509114416579657
0.00034731526817724642
0.00029877922917661919
0.00024967501507146923
0.00020015553412897687
0.00015034158922403709
0.00010032864088602796
0.00005019335993202795
0.00000000000000000000
0.00000000000000000000
0.00011724659806677408
0.00023151573110368498
0.00034001479706599798
0.00044029789460095937
0.00053038636657165453
0.00060883783961756621
0.00067476261257162155
0.00072779405458511305
0.00076802473913754833
0.00079592193352543707
0.00081223525648134725
0.00081790677147291948
0.00081399052804348112
0.00080158540696835989
0.00078178254821989761
0.00075562682349286571
0.00072409072674030133
0.00068805855558706070
0.00064831866937506920
0.00060556177575903515
0.00056038349209494944
0.00051328976405900693
0.00046470404931562778
0.00041497546112415518
0.00036438730494239358
0.00031316562994088365
0.00026148756182781195
0.00020948929065033744
0.00015727366477399365
0.00010491739689337694
0.00005247792546813203
0.00000000000000000000
0.00000000000000000000
0.00012995736443186496
0.00025634834869781654
0.00037585210690041206
0.00048560485534645723
0.00058335119148307068
0.00066752196699033819
0.00073723954232849157
0.00079226263938854500
0.00083288953063080651
0.00085983969882823838
0.00087413156437623552
0.00087696920531587065
0.00086964585190142597
0.00085346745166312650
0.00082969630179308726
0.00079951269888450176
0.00076399156024875711
0.00072409072674030144
0.00068064787452924084
0.00063438341337605656
0.00058590727458490493
0.00053572799894864478
0.00048426297644759829
0.00043184904864327289
0.00037875296277236367
0.00032518137340489849
0.00027129023622931539
0.00021719354210080334
0.00016297140944185123
0.00010867759884889111
0.00005434654268354565
0.00000000000000000000
0.00000000000000000000
0.00014390186128402391
0.00028349939729651561
0.00041481946600591433
0.00053449995153251838
0.00063998008713629347
0.00072958444208817957
0.00080250594212896546
0.00085870990698595317
0.00089878901518106191
0.00092379878157603488
0.00093509726004123547
0.00093420452495810574
0.00092268962858004975
0.00090208662024929688
0.00087383726536945821
0.00083925608130131499
0.00079951269888450219
0.00075562682349286528
0.00070847177341921790
0.00065878341903569527
0.00060717215965105248
0.00055413627253659290
0.00050007552386169610
0.00044530434968646792
0.00039006421664035883
0.00033453498063099908
0.00027884520086910261
0.00022308145517013430
0.00016729675634037395
0.00011151820011662380
0.00005575399106439675
0.00000000000000000000
0.00000000000000000000
0.00015932626758397819
0.00031340884217864517
0.00045745869792941960
0.00058751669716110332
0.00070069280552974961
0.00079524886825534016
0.00087054008186132127
0.00092685434314521424
0.00096519712264325308
0.00098706484300488829
0.00099423771126973259
0.00098860928604616993
0.00097205854221076829
0.00094636236983701970
0.00091314223439892337
0.00087383726536945777
0.00082969630179308747
0.00078178254821989783
0.00073098589742778429
0.00067803932228252745
0.00062353687377261508
0.00056795170335085100
0.00051165317156666814
0.00045492255228331627
0.00039796713821942239
0.00034093274045445389
0.00028391468545473650
0.00022696747360179364
0.00017011329160214396
0.00011334958041891248
0.00005665585921742932
0.00000000000000000000
0.00000000000000000000
0.00017654336473950182
0.00034662652100275103
0.00050442619036294674
0.00064526655173163978
0.00076591814984772839
0.00086466281395790833
0.00094116009662804077
0.00099618476878508681
0.00103131091186536893
0.00104860377157771877
0.00105035757650627157
0.00103889559093337750
0.00101643272230642827
0.00098499195288174590
0.00094636236983701915
0.00090208662024929645
0.00085346745166312759
0.00080158540696835903
0.00074732204663779489
0.00069138497646586028
0.00063433239648330488
0.00057659590057043816
0.00051850093139311267
0.00046028472015399540
0.00040211179116651156
0.00034408724615104472
0.00028626810498699350
0.00022867299783230156
0.00017129049757874887
0.00011408636408577076
0.00005700995031123206
0.00000000000000000000
0.00000000000000000000
0.00019595769682497443
0.00038384942355810869
0.00055652236753452944
0.00070844249055933577
0.00083606209614901317
0.00093783156558175707
0.00101393281705100188
0.00106585763880793116
0.00109594940581569196
0.00110699203818501570
0.00110188856962846471
0.00108343835371724814
0.00105420176421247786
0.00101643272230642783
0.00097205854221076851
0.00092268962858004975
0.00086964585190142576
0.00081399052804348102
0.00075656624124435638
0.00069802916699963544
0.00063888018618559058
0.00057949211663775731
0.00052013299968925203
0.00046098570951625783
0.00040216430713621771
0.00034372761039221632
0.00028569044316204841
0.00022803299070449910
0.00017070864108586809
0.00011365064505817725
0.00005677788397697592
0.00000000000000000000
0.00000000000000000000
0.00021810278479328425
0.00042597410715435730
0.00061472705605843700
0.00077781063746650318
0.00091144524357487629
0.00101450850854173857
0.00108803575830559453
0.00113455251637446168
0.00115742102510365706
0.00116030795320077522
0.00114680957446038805
0.00112022397398768353
0.00108343835371724835
0.00103889559093337750
0.00098860928604617058
0.00093420452495810542
0.00087696920531587087
0.00081790677147291992
0.00075778540454212503
0.00069718141585312760
0.00063651619927571068
0.00057608697289346345
0.00051609195834957655
0.00045665079629053965
0.00039782100085725288
0.00033961118972254711
0.00028199173200512057
0.00022490335813018147
0.00016826418523602108
0.00011197553421544721
0.00005592685149558366
0.00000000000000000000
0.00000000000000000000
0.00024369764649482059
0.00047417122755914520
0.00068023853519790639
0.00085417485033451490
0.00099218495175100192
0.00109401538715638512
0.00116205042744447432
0.00120027262660900454
0.00121335560176672862
0.00120600691283128314
0.00118256650849318671
0.00114680957446038827
0.00110188856962846493
0.00105035757650627222
0.00099423771126973216
0.00093509726004123439
0.00087413156437623650
0.00081223525648134681
0.00075006402371090178
0.00068808559808624433
0.00062662089172599376
0.00056587667667802415
0.00050597128586599670
0.00044695469866797694
0.00038882418671179746
0.00033153649387025004
0.00027501733814521161
0.00021916886356254054
0.00016387553977762035
0.00010900890406283876
0.00005443146140010423
0.00000000000000000000
0.00000000000000000000
0.00027373525350387652
0.00052999229117536004
0.00075450763104626252
0.00093828303243357345
0.00107797815050483391
0.00117495051435571158
0.00123365809497681103
0.00126007826886323829
0.00126050295194960241
0.00124079167570814069
0.00120600691283128314
0.00116030795320077522
0.00110699203818501657
0.00104860377157771920
0.00098706484300488785
0.00092379878157603543
0.00085983969882823892
0.00079592193352543675
0.00073255144291580626
0.00067006140079205558
0.00060865486354206070
0.00054843719700535629
0.00048944056943778789
0.00043164238425714182
0.00037497912871917790
0.00031935677926661632
0.00026465863489459650
0.00021075124011689166
0.00015748889932928065
0.00010471716482125717
0.00005227559292324269
0.00000000000000000000
0.00000000000000000000
0.00030962578588242593
0.00059552223742157699
0.00083924133227385287
0.00103061062919075348
0.00116770692001894353
0.00125472210150486376
0.00129920503621383933
0.00130974927898487169
0.00129451410063886191
0.00126050295194960263
0.00121335560176672927
0.00115742102510365706
0.00109594940581569152
0.00103131091186536936
0.00096519712264325330
0.00089878901518106213
0.00083288953063080607
0.00076802473913754746
0.00070451942160246737
0.00064255277125250653
0.00058219908091450376
0.00052345729099771070
0.00046627236555581836
0.00041055071576852787
0.00035617130689029927
0.00030299364436289246
0.00025086350897736756
0.00019961707309150824
0.00014908385791884826
0.00009908886867194725
0.00004945415705827528
0.00000000000000000000
0.00000000000000000000
0.00035343786588275434
0.00067359214736292165
0.00093630666498058105
0.00113088785205053724
0.00125873240751328335
0.00132882119105830546
0.00135311288865773167
0.00134339807720712349
0.00130974927898487191
0.00126007826886323851
0.00120027262660900346
0.00113455251637446146
0.00106585763880793160
0.00099618476878508681
0.00092685434314521424
0.00085870990698595285
0.00079226263938854511
0.00072779405458511348
0.00066542809282647158
0.00060518132400739176
0.00054699771662406881
0.00049077261085549108
0.00043636917555898107
0.00038362964591487939
0.00033238294160872013
0.00028244977724997818
0.00023364603700753333
0.00018578494994871706
0.00013867843975797823
0.00009213791031365568
0.00004597465177690887
0.00000000000000000000
0.00000000000000000000
0.00040832321596261892
0.00076805032580850598
0.00104735170027391348
0.00123709660894028928
0.00134565878069800257
0.00138974317690237614
0.00138715455870880777
0.00135311288865773167
0.00129920503621383998
0.00123365809497681059
0.00116205042744447432
0.00108803575830559453
0.00101393281705100188
0.00094116009662804033
0.00087054008186132148
0.00080250594212896557
0.00073723954232849179
0.00067476261257162198
0.00061499653194098522
0.00055780128490556975
0.00050300066799306275
0.00045039844372558792
0.00039978854394096837
0.00035096136740417236
0.00030370751916174724
0.00025781987960138192
0.00021309458827323654
0.00016933132754345893
0.00012633315891696770
0.00008390607740925838
0.00004185839167801221
0.00000000000000000000
0.00000000000000000000
0.00047930207063282080
0.00088400128111968442
0.00117266148004095249
0.00134339108459241444
0.00141826287324535384
0.00142553798475617412
0.00138974317690237614
0.00132882119105830567
0.00125472210150486397
0.00117495051435571223
0.00109401538715638491
0.00101450850854173857
0.00093783156558175686
0.00086466281395790833
0.00079524886825534059
0.00072958444208817913
0.00066752196699033819
0.00060883783961756578
0.00055327199464361414
0.00050055112279318763
0.00045040188816533572
0.00040255805510020155
0.00035676393218739126
0.00031277561609493467
0.00027036094697836116
0.00022929873359566068
0.00018937758647136113
0.00015039456049219333
0.00011215372284260428
0.00007446470886871313
0.00003714129531744105
0.00000000000000000000
0.00000000000000000000
0.00057479180519932449
0.00102753487526145021
0.00130798448264873336
0.00143594821814263160
0.00145834311676738349
0.00141826287324535428
0.00134565878069800257
0.00125873240751328357
0.00116770692001894353
0.00107797815050483434
0.00099218495175100213
0.00091144524357487597
0.00083606209614901263
0.00076591814984772828
0.00070069280552974983
0.00063998008713629369
0.00058335119148307047
0.00053038636657165464
0.00048068988879181761
0.00043389584118538622
0.00038966900334751924
0.00034770326024880183
0.00030771886425269297
0.00026945927749216656
0.00023268797780196524
0.00019718541695331682
0.00016274621081856136
0.00012917658075516813
0.00009629203297958016
0.00006391524590559618
0.00003187412734073370
0.00000000000000000000
0.00000000000000000000
0.00070969273688063252
0.00120283800909667450
0.00143613765490037664
0.00148540202808838040
0.00143594821814263182
0.00134339108459241422
0.00123709660894028928
0.00113088785205053746
0.00103061062919075283
0.00093828303243357280
0.00085417485033451490
0.00077781063746650318
0.00070844249055933533
0.00064526655173163978
0.00058751669716110321
0.00053449995153251827
0.00048560485534645777
0.00044029789460095958
0.00039811525673383460
0.00035865333496229261
0.00032155951817826567
0.00028652388394585771
0.00025327197198632021
0.00022155861386950119
0.00019116271081183635
0.00016188282472598002
0.00013353344731713426
0.00010594182270667234
0.00007894521321123054
0.00005238851191080606
0.00002612211789885849
0.00000000000000000000
0.00000000000000000000
0.00091124121422493513
0.00139769839261758553
0.00150658136984124975
0.00143613765490037664
0.00130798448264873358
0.00117266148004095227
0.00104735170027391326
0.00093630666498058083
0.00083924133227385243
0.00075450763104626273
0.00068023853519790672
0.00061472705605843667
0.00055652236753452923
0.00050442619036294696
0.00045745869792941933
0.00041481946600591466
0.00037585210690041200
0.00034001479706599798
0.00030685658207703782
0.00027599862364568231
0.00024711944180618090
0.00021994330271436744
0.00019423105255370030
0.00016977284336196669
0.00014638231941055578
0.00012389193058525062
0.00010214911482057658
0.00008101314910409182
0.00006035251177098904
0.00004004263097615206
0.00001996391787075917
0.00000000000000000000
0.00000000000000000000
0.00122108075383721881
0.00152178001026333481
0.00139769839261758575
0.00120283800909667428
0.00102753487526144934
0.00088400128111968432
0.00076805032580850598
0.00067359214736292111
0.00059552223742157699
0.00052999229117535972
0.00047417122755914515
0.00042597410715435741
0.00038384942355810831
0.00034662652100275152
0.00031340884217864523
0.00028349939729651583
0.00025634834869781654
0.00023151573110368503
0.00020864459465997997
0.00018744139884385066
0.00016766151051824448
0.00014909833909759653
0.00013157509446393875
0.00011493845734057687
0.00009905365818241790
0.00008380060219526639
0.00006907077621549362
0.00005476474182962817
0.00004079006749177920
0.00002705958661823000
0.00001348989278884899
0.00000000000000000000
0.00000000000000000000
0.00153092712393409266
0.00122108075383721925
0.00091124121422493491
0.00070969273688063252
0.00057479180519932438
0.00047930207063282091
0.00040832321596261892
0.00035343786588275396
0.00030962578588242593
0.00027373525350387641
0.00024369764649482075
0.00021810278479328425
0.00019595769682497491
0.00017654336473950176
0.00015932626758397806
0.00014390186128402364
0.00012995736443186505
0.00011724659806677369
0.00010557257058476116
0.00009477516770397374
0.00008472228467626252
0.00007530332706866136
0.00006642437099341622
0.00005800450463242300
0.00004997302237715230
0.00004226724150453362
0.00003483077745737043
0.00002761215882406180
0.00002056369411757020
0.00001364052396334938
0.00000679980724238756
0.00000000000000000000
