-0.00835371458810216586
-0.01142202673563377097
-0.01142307499948593680
-0.01142481063731390356
-0.01142721657236066279
-0.01143026914776641700
-0.01143393837332221802
-0.01143818823731514514
-0.01144297707955405259
-0.01144825802095269553
-0.01145397944442055893
-0.01146008552128108260
-0.01146651677700705543
-0.01147321068973860755
-0.01148010231482931957
-0.01148712492855025365
-0.01149421068406343907
-0.01150129127285049943
-0.01150829858493934536
-0.01151516536150200103
-0.01152182583368989606
-0.01152821634191713088
-0.01153427593018648695
-0.01153994691046664883
-0.01154517539256131112
-0.01154991177535348058
-0.01155411119575214945
-0.01155773393210834249
-0.01156074575929762725
-0.01156311825308301879
-0.01156482904177446105
-0.01156586200358796293
-0.01156620740847938075
-0.00835336401603615011
-0.00988769537568211752
-0.01080913209414169004
-0.01111766379904301910
-0.01124639731075284706
-0.01131191915137411130
-0.01135066803056712648
-0.01137647491460216063
-0.01139542108396534442
-0.01141048364914626356
-0.01142323834984659316
-0.01143456629823235218
-0.01144497759106598810
-0.01145477174733767166
-0.01146412267135960873
-0.01147312624657866216
-0.01148182833923887952
-0.01149024201938371979
-0.01149835859047957862
-0.01150615492824979755
-0.01151359854329436425
-0.01152065119458767911
-0.01152727155160843467
-0.01153341721231612022
-0.01153904627082098094
-0.01154411855943771915
-0.01154859664667391358
-0.01155244664524748659
-0.01155563886642881240
-0.01155814834526289886
-0.01155995525334767293
-0.01156104521045152669
-0.01156140950246823361
-0.00835231575126981624
-0.00896625865630837696
-0.00988769537476794948
-0.01047942335193065115
-0.01081222426417396271
-0.01100570004157202034
-0.01112573647084516212
-0.01120523194352536153
-0.01126108701911957867
-0.01130244745943869214
-0.01133452524869805675
-0.01136042842886592595
-0.01138208167351109634
-0.01140071329730759503
-0.01141712524195722007
-0.01143184922680732206
-0.01144524056876211095
-0.01145753652310657622
-0.01146889371241909678
-0.01147941283576863446
-0.01148915541690629163
-0.01149815543742059055
-0.01150642760211498423
-0.01151397333494121218
-0.01152078521072195244
-0.01152685028419314639
-0.01153215262356314073
-0.01153667525609471112
-0.01154040166759895229
-0.01154331695373149794
-0.01154540869089906198
-0.01154666757355039992
-0.01154708784949305331
-0.00835058011192800140
-0.00865772694989319809
-0.00929596739609139973
-0.00988769537325409967
-0.01031961441308586712
-0.01061502179245956204
-0.01081719848285971237
-0.01095896441584314623
-0.01106155360254234589
-0.01113824951424026780
-0.01119740598383775140
-0.01124437414880723012
-0.01128265750325481778
-0.01131459942596023741
-0.01134179771324324293
-0.01136535966539962972
-0.01138606269844894686
-0.01140445785353392735
-0.01142093803496033871
-0.01143578397994386014
-0.01144919586699260153
-0.01146131547105910461
-0.01147224197317552041
-0.01148204342954712784
-0.01149076521646221795
-0.01149843632931242185
-0.01150507413035954142
-0.01151068795304817025
-0.01151528184552239736
-0.01151885665074479925
-0.01152141156144348942
-0.01152294524614053996
-0.01152345661189234025
-0.00834817417478229268
-0.00852899343608442585
-0.00896316648174913869
-0.00945577633132338793
-0.00988769537115515539
-0.01022747004195995527
-0.01048439256111685994
-0.01067741871231438384
-0.01082377130558340173
-0.01093653733668716738
-0.01102507363948006074
-0.01109594436239367751
-0.01115374880675155597
-0.01120173065823188222
-0.01124219963049890442
-0.01127681747527623651
-0.01130679156127163340
-0.01133300672828988810
-0.01135611605363527274
-0.01137660412691928261
-0.01139483175614039098
-0.01141106798480330878
-0.01142551332614133788
-0.01143831683570019873
-0.01144958880068715906
-0.01145941026602256135
-0.01146784024281456878
-0.01147492119117684596
-0.01148068319494194994
-0.01148514712432814090
-0.01148832699657532062
-0.01149023168239465299
-0.01149086605993280240
-0.00834512159671270404
-0.00846347159279932718
-0.00876969070168724663
-0.00916036894928585685
-0.00954792069768651414
-0.00988769536849132269
-0.01016796931124948691
-0.01039307800538241677
-0.01057250460221134496
-0.01071592163971159771
-0.01083151819490531589
-0.01092573106699257224
-0.01100345832316924552
-0.01106837842966504337
-0.01112324421709994307
-0.01117011861342948401
-0.01121055327274343358
-0.01124572065966994959
-0.01127651083341649554
-0.01130360229814963806
-0.01132751405322995376
-0.01134864406342419620
-0.01136729790027218336
-0.01138371023102762412
-0.01139806106259559464
-0.01141048810278233808
-0.01142109621554708750
-0.01142996467343583046
-0.01143715271524004505
-0.01144270377646153247
-0.01144664865780651436
-0.01144900782105639364
-0.01144979294403387568
-0.00834145236795384368
-0.00842472271040324745
-0.00864965426921104549
-0.00895819225568264370
-0.00929099817532655185
-0.00960742142253009045
-0.00988769536528825814
-0.01012652003088104422
-0.01032615329225569471
-0.01049181429381915859
-0.01062927166652624308
-0.01074380072712687040
-0.01083984808618236075
-0.01092101356606610743
-0.01099015177195841048
-0.01104950326963463798
-0.01110081884969463945
-0.01114546491591261561
-0.01118450840731111291
-0.01121878350338307608
-0.01124894337152909998
-0.01127550010334903499
-0.01129885550496284238
-0.01131932486773468659
-0.01133715536428614445
-0.01135254032113360706
-0.01136563031121742492
-0.01137654177366486871
-0.01138536368924186054
-0.01139216270457739204
-0.01139698699532975222
-0.01139986907932504998
-0.01140082772862966061
-0.00833720250024947568
-0.00839891582265677068
-0.00857015879281940174
-0.00881642631898776549
-0.00909797202041758360
-0.00938231272468571798
-0.00964887069598402945
-0.00988769536157681379
-0.01009604062878767528
-0.01027517390626485339
-0.01042817495867737199
-0.01055865719969202587
-0.01067012108167734660
-0.01076567865500967051
-0.01084797393178264097
-0.01091919631026105550
-0.01098113190231890350
-0.01103522526235927760
-0.01108263896172552096
-0.01112430608716192745
-0.01116097441995713910
-0.01119324268219163039
-0.01122158984930161918
-0.01124639866180584570
-0.01126797439537730039
-0.01128655980004228919
-0.01130234695749012322
-0.01131548665609336500
-0.01132609575495808520
-0.01133426290199851180
-0.01134005288426538638
-0.01134350981808760796
-0.01134465932844593190
-0.00833241365382647939
-0.00837996964910950673
-0.00851430371304109923
-0.00871383712810448394
-0.00895161942296448555
-0.00920288612367270442
-0.00944923743042529532
-0.00967935009018187215
-0.00988769535739273016
-0.01007269339030186436
-0.01023508960668981747
-0.01037679578543321615
-0.01050016417516834444
-0.01060757841805823505
-0.01070124836076722166
-0.01078312508564479785
-0.01085488165039886002
-0.01091792671266968162
-0.01097343240992027305
-0.01102236649644886858
-0.01106552373039459448
-0.01110355427151454855
-0.01113698831988224093
-0.01116625696162138956
-0.01119170952206266847
-0.01121362784850966042
-0.01123223795949722034
-0.01124771946227293151
-0.01126021308538383697
-0.01126982661385370066
-0.01127663945748241803
-0.01128070603094569885
-0.01128205807804215366
-0.00832713270781141462
-0.00836490707931215882
-0.00847294326810556393
-0.00863714121179013673
-0.00883885338724429113
-0.00905946908155602984
-0.00928357642424540441
-0.00950021680808826527
-0.00970269731986717066
-0.00988769535277630486
-0.01005421918579211399
-0.01020271566100823188
-0.01033441386257161546
-0.01045088962891706913
-0.01055379984410607236
-0.01064473374285869467
-0.01072513907447530945
-0.01079629332981724144
-0.01085930047403361846
-0.01091510100429638960
-0.01096448807117077207
-0.01100812552249873233
-0.01104656563530631574
-0.01108026542900397877
-0.01110960109778752827
-0.01113488045288869334
-0.01115635344578085053
-0.01117422092466223080
-0.01118864180224982477
-0.01119973880880472186
-0.01120760298511865385
-0.01121229704412510242
-0.01121385770119516685
-0.00832141127933923655
-0.00835215237360751456
-0.00844086547384188292
-0.00857798473718833845
-0.00875031707944708484
-0.00894387252135799699
-0.00914611904653401218
-0.00934721575067143547
-0.00954030109847490634
-0.00972117151475618627
-0.00988769534777199539
-0.01003919944559076780
-0.01017594742169871357
-0.01029874585510258747
-0.01040867087124957083
-0.01050689089241683624
-0.01059455926838762455
-0.01067275448574689714
-0.01074245114131931744
-0.01080450987004167793
-0.01085967832849242184
-0.01090859814872078941
-0.01095181469820527900
-0.01098978774632502695
-0.01102290194617571578
-0.01105147654389462657
-0.01107577403227640207
-0.01109600764332349145
-0.01111234767281722886
-0.01112492667951608775
-0.01113384362150899448
-0.01113916699462540877
-0.01114093703002543706
-0.00831530519713472027
-0.00834082441987776119
-0.00841496228833001417
-0.00853101656687486019
-0.00867944635118947025
-0.00884965964392673589
-0.00903158998058938185
-0.00921673350431278030
-0.00939859491438750812
-0.00957267503419606536
-0.00973619124460921997
-0.00988769534242799411
-0.01002669557765680647
-0.01015333580718577773
-0.01026814788950572953
-0.01037187338258170610
-0.01046534230970340082
-0.01054939516052138399
-0.01062483580532663785
-0.01069240553213826952
-0.01075277094333130373
-0.01080652056909940650
-0.01085416668197667668
-0.01089614997793496298
-0.01093284561546391948
-0.01096456966521048258
-0.01099158539503399326
-0.01101410905672981291
-0.01103231499330371325
-0.01104633997910875812
-0.01105628675966362218
-0.01106222678723874607
-0.01106420216145326957
-0.00830887393577650971
-0.00833041312141189622
-0.00839330903805261645
-0.00849273320679504867
-0.00862164190119936447
-0.00877193238211784396
-0.00893554261590166418
-0.00910526961669523224
-0.00927522651902015424
-0.00944097682700045619
-0.00959944326286904688
-0.00974869510156695269
-0.00988769533679576679
-0.01001605878547345493
-0.01013384638134879299
-0.01024140336584226929
-0.01033923922979620123
-0.01042794288070344327
-0.01050812540657962944
-0.01058038336045232820
-0.01064527669370702798
-0.01070331678064079597
-0.01075496115269492479
-0.01080061251541259565
-0.01084062035166742655
-0.01087528395201400877
-0.01090485609688551794
-0.01092954688331492126
-0.01094952737209446345
-0.01096493285408658112
-0.01097586561487499598
-0.01098239712827562241
-0.01098456964085517580
-0.00830218001717875076
-0.00832061895927400236
-0.00837467740838990921
-0.00846079127822341875
-0.00857366004385282793
-0.00870701226975583234
-0.00885437713015170894
-0.00900971203749670151
-0.00916781227026405507
-0.00932450105478879396
-0.00947664482359896095
-0.00962205486617177114
-0.00975933188225187008
-0.00988769533092955996
-0.01000682343252978085
-0.01011671660862911541
-0.01021758827197574715
-0.01030978174669589312
-0.01039370967331144403
-0.01046981151550656353
-0.01053852496290810445
-0.01060026761032617330
-0.01065542599528037856
-0.01070434974233273016
-0.01074734913184045501
-0.01078469486679208694
-0.01081661916188810489
-0.01084331754043382084
-0.01086495091512694466
-0.01088164766508263430
-0.01089350551734522346
-0.01090059310773807029
-0.01090295114174452858
-0.00829528838604434715
-0.00831126802920837196
-0.00835826545769658910
-0.00843359298489671644
-0.00853319106554211240
-0.00865214647627723585
-0.00878523891821570910
-0.00892741675468003426
-0.00907414232151136993
-0.00922159083355609567
-0.00936671980140828600
-0.00950724277780812428
-0.00964154428033283523
-0.00976856722328563881
-0.00988769532488586143
-0.00999864422459546473
-0.01010136812246167221
-0.01019598402777846871
-0.01028271289691556900
-0.01036183553992700915
-0.01043366068580100711
-0.01049850262886753080
-0.01055666616848445136
-0.01060843693716578134
-0.01065407559814675505
-0.01069381473832272875
-0.01072785757061812256
-0.01075637779012172425
-0.01077952010679546213
-0.01079740111281939086
-0.01081011024350119962
-0.01081771066515394529
-0.01082023997825017764
-0.00828826576616042976
-0.00830226444782633868
-0.00834354146668350900
-0.00841003102657735153
-0.00849857321460180046
-0.00860527207378472027
-0.00872588741437650348
-0.00885619437003864161
-0.00899226559047081216
-0.00913065692864049178
-0.00926849977407804074
-0.00940351727856916959
-0.00953398728967638082
-0.00965867404102332267
-0.00977674641901327829
-0.00988769531872288332
-0.00999125770327641792
-0.01008735115831817936
-0.01017602010374472898
-0.01025739322257840716
-0.01033165082965097070
-0.01039900057632406512
-0.01045965986842453330
-0.01051384351851381710
-0.01056175536710950158
-0.01060358283524816606
-0.01063949358348119031
-0.01066963363700798584
-0.01069412648967195054
-0.01071307282253675282
-0.01072655056963360901
-0.01073461513893148034
-0.01073729965533665523
-0.00828118000442433499
-0.00829356234894320851
-0.00833015011850580731
-0.00838932798730512505
-0.00846859912238348903
-0.00856483740824785962
-0.00867457182809358920
-0.00879425877175787907
-0.00892050901949384238
-0.00905025159080096939
-0.00918083139188434136
-0.00931004834522456207
-0.00943615141949953606
-0.00955780237145378506
-0.00967402251492415974
-0.00978413292794643591
-0.00988769531249997224
-0.00998445788981111929
-0.01007430852345754871
-0.01015723574177516270
-0.01023329738279372784
-0.01030259606895680448
-0.01036526049951991789
-0.01042143151503719702
-0.01047125195959118515
-0.01051485948768620358
-0.01055238159990094272
-0.01058393232502602074
-0.01060961008676324438
-0.01062949639645036602
-0.01064365509952566215
-0.01065213197426350539
-0.01065495453927412309
-0.00827409940941436703
-0.00828514866257545370
-0.00831785415793843096
-0.00837093282599723348
-0.00844238394914232498
-0.00852967001509842906
-0.00862992575565270370
-0.00874016540549459042
-0.00885746395100011491
-0.00897909732923612286
-0.00910263616830215595
-0.00922599548818366609
-0.00934744776236938295
-0.00946560889051072628
-0.00957940660338445563
-0.00968803946668176513
-0.00979093272896591239
-0.00988769530627706290
-0.00997808051186909253
-0.01006195184214698710
-0.01013925422050297731
-0.01020999052170478046
-0.01027420287311991628
-0.01033195808026449170
-0.01038333649058812737
-0.01042842364410576789
-0.01046730412970888272
-0.01050005715042310120
-0.01052675338668716126
-0.01054745282694957362
-0.01056220330641489263
-0.01057103955692417253
-0.01057398262444042385
-0.00826709209116253431
-0.00827703208531661849
-0.00830649696246293229
-0.00835445263840783880
-0.00841927461763396050
-0.00849887983518890153
-0.00859088225809122655
-0.00869275169996537589
-0.00880195824758654016
-0.00891609017885676772
-0.00903293950656675754
-0.00915055483721543411
-0.00926726523033021866
-0.00938168095773219378
-0.00949267772808437549
-0.00959937051509223219
-0.00970108208915650486
-0.00979731009452204996
-0.00988769530011407785
-0.00997199262425692984
-0.01005004574247183279
-0.01012176552778125058
-0.01018711220972213886
-0.01024608092719113059
-0.01029869024838834211
-0.01034497320232680151
-0.01038497038277678627
-0.01041872472712017383
-0.01044627762593231673
-0.01046766607572689051
-0.01048292064234512648
-0.01049206405358066307
-0.01049511028607368578
-0.00826022530855618706
-0.00826923574150269930
-0.00829597783306969261
-0.00833960668738062058
-0.00839878653830625210
-0.00847178836441206048
-0.00855660715597556312
-0.00865108456848526566
-0.00875302415501424437
-0.00886028964255029458
-0.00897088077180069679
-0.00908298510436010217
-0.00919500727041381791
-0.00930557910949337229
-0.00941355507902923161
-0.00951799739021485722
-0.00961815486479518714
-0.00971343875820045340
-0.00980339796992753081
-0.00988769529407038106
-0.00996608572037091002
-0.01003839730148758068
-0.01010451474884726045
-0.01016436568626526843
-0.01021790935138833928
-0.01026512746471000895
-0.01030601696290719439
-0.01034058430065892993
-0.01036884105051622852
-0.01039080056520038861
-0.01040647550534018299
-0.01041587607479242325
-0.01041900884360854283
-0.00825356483050207305
-0.00826179212059192057
-0.00828623524606582167
-0.00832619479446566543
-0.00838055890321892996
-0.00844787660346553448
-0.00852644728196332372
-0.00861441622982384372
-0.00870986691520230297
-0.00881090256980970529
-0.00891571230748373911
-0.00902261968730085594
-0.00913011393129290610
-0.00923686565622562281
-0.00934172992728902682
-0.00944373977727608165
-0.00954209321791041343
-0.00963613637397825115
-0.00972534484584641930
-0.00980930486190363660
-0.00988769528820417076
-0.00996027115243956068
-0.01002684902303328102
-0.01008729435619327985
-0.01014151077101746630
-0.01018943111951284980
-0.01023101016948065739
-0.01026621870055353936
-0.01029503881681454423
-0.01031746029556154277
-0.01033347781536948957
-0.01034308893395944305
-0.01034629271523558429
-0.00824717431664261091
-0.00825473946366637838
-0.00827723521991929542
-0.00831407518476693155
-0.00836432266892378311
-0.00842674658763906473
-0.00849989054451115965
-0.00858214796195711990
-0.00867183636845012158
-0.00876726511284951077
-0.00886679248162314249
-0.00896887005590052411
-0.00907207383872690384
-0.00917512300317532142
-0.00927688797859027060
-0.00937639002497074950
-0.00947279452611510253
-0.00956540006714421548
-0.00965362505490476898
-0.00973699327515473688
-0.00981511941833654485
-0.00988769528257193650
-0.00995447709571444135
-0.01001527419196000281
-0.01006993912853536288
-0.01011835922608616059
-0.01016044945292743362
-0.01019614653898496051
-0.01022540419194907513
-0.01024818928933989709
-0.01026447893085411997
-0.01027425825192126822
-0.01027751891937186968
-0.00824111472302924489
-0.00824811910130161460
-0.00826896304988089526
-0.00830314867730651274
-0.00834987732224174578
-0.00840809274544706761
-0.00847653513755334750
-0.00855380078950312463
-0.00863840231473842618
-0.00872882499469791392
-0.00882357592679464467
-0.00892122393767924571
-0.00902042946132877027
-0.00911996461287711314
-0.00921872443362934182
-0.00931573072752628004
-0.00941013009020797743
-0.00950118771038507490
-0.00958827836761987420
-0.00967087582245104369
-0.00974854154239881629
-0.00982091346408542690
-0.00988769527722793001
-0.00994864653965897398
-0.01000357379542131733
-0.01005232276742805408
-0.01009477162693335831
-0.01013082529811213002
-0.01016041073159486795
-0.01018347307076050180
-0.01019997263478347738
-0.01020988264962555819
-0.01021318766995239942
-0.00823544373774477353
-0.00824197343558960918
-0.00826141731205034743
-0.00829334721593058197
-0.00833707380767856679
-0.00839168040968730697
-0.00845606576977718863
-0.00852899197199458343
-0.00860913366799495421
-0.00869512519599593969
-0.00878560287367058206
-0.00887924063671664300
-0.00897477809360678301
-0.00907104086082044167
-0.00916695365994369196
-0.00926154707243267983
-0.00935395906968638363
-0.00944343249823618482
-0.00952930964514656434
-0.00961102488002872277
-0.00968809620423450278
-0.00976011636283554904
-0.00982674400979257311
-0.00988769527222361534
-0.00994273594070087252
-0.00999167441961511943
-0.01003435550282506458
-0.01007065499171220894
-0.01010047514160655920
-0.01012374090466797161
-0.01014039692944978741
-0.01015040527682440838
-0.01015374381654950142
-0.00823021525103367207
-0.00823634437246831622
-0.00825460543165317667
-0.00828462542439905615
-0.00832580183807517249
-0.00837732957350290595
-0.00843823526860928985
-0.00850741623380669304
-0.00858368110293724132
-0.00866578952259595622
-0.00875248866920345925
-0.00884254499457124907
-0.00893477025273551814
-0.00902804146669628112
-0.00912131499434628776
-0.00921363521922055964
-0.00930413862051596152
-0.00939205408329611344
-0.00947670031933292058
-0.00955748121028921968
-0.00963387978479388063
-0.00970545142164374978
-0.00977181674941378885
-0.00983265459912991899
-0.00988769526760717790
-0.00993671426723405360
-0.00997952667357184138
-0.01001598213379264329
-0.01004596056456887737
-0.01006936854514435715
-0.01008613639760301203
-0.01009621593967645510
-0.01009957889396617507
-0.00822547886405740683
-0.00823127207966748223
-0.00824854035399788521
-0.00827695430736476168
-0.00831598036855567789
-0.00836490252913206847
-0.00842285030757773667
-0.00848883082495761020
-0.00856176277230615707
-0.00864051016331069711
-0.00872391406730045095
-0.00881082094064060059
-0.00890010664820484187
-0.00899069572756055514
-0.00908157584998622001
-0.00917180774689780459
-0.00926053108823685772
-0.00934696692559437714
-0.00943041736121036367
-0.00951026309278345597
-0.00958595943211440309
-0.00965703131990885977
-0.00972306777322296673
-0.00978371611603157630
-0.00983867626379621163
-0.00988769526342308386
-0.00993056223219088326
-0.00996710379315979972
-0.00999718006938437286
-0.01002068127357850363
-0.01003752491216147735
-0.01004765361128472090
-0.01005103356604149061
-0.00822127943994728494
-0.00822679398871983478
-0.00824323801091643785
-0.00827031650260618909
-0.00830755038805221224
-0.00835429441265586256
-0.00840976031378246405
-0.00847304366379832141
-0.00854315265760714065
-0.00861903716670708343
-0.00869961657520721722
-0.00878380520710562995
-0.00887053449962187796
-0.00895877142875307897
-0.00904753301397936624
-0.00913589699495332384
-0.00922300897231065862
-0.00930808643627981103
-0.00939042017704892068
-0.00946937359087481403
-0.00954438037843513901
-0.00961494108935613198
-0.00968061891000619908
-0.00974103502911017466
-0.00979586385374696389
-0.00984482829094383144
-0.00988769525971163084
-0.00992427155597496585
-0.00995440015849795128
-0.00997795703704334666
-0.00999484850373824098
-0.01000500913389855071
-0.01000840027228975734
-0.00821765670038802215
-0.00822294398694318682
-0.00823871537518178904
-0.00826470267671448704
-0.00830046943648686357
-0.00834542595156404637
-0.00839884884813194357
-0.00845990396199200467
-0.00852767115162835626
-0.00860116968462262994
-0.00867938296095705636
-0.00876128154220673361
-0.00884584370998940488
-0.00893207304700429153
-0.00901901279127269306
-0.00910575693822345336
-0.00919145824398250391
-0.00927533341236251412
-0.00935666582950246163
-0.00943480624992000527
-0.00950917184415918382
-0.00957924400009553360
-0.00964456523562435761
-0.00970473553701996401
-0.00975940839032309222
-0.00980828672677184002
-0.00985111896024522260
-0.00988769525650855415
-0.00991784414143092111
-0.00994142952835106418
-0.00995834822303866100
-0.00996852794760806279
-0.00997192591151968566
-0.00821464487053488387
-0.00821975176309801270
-0.00823498896101370476
-0.00826010878157640641
-0.00829470743005791128
-0.00833823790709598001
-0.00839002692989110344
-0.00844929486046343617
-0.00851517752585360249
-0.00858674880437118593
-0.00866304292879946716
-0.00874307560296898323
-0.00882586321854601091
-0.00891043966964732287
-0.00899587047193510514
-0.00908126408289564382
-0.00916578047958143544
-0.00924863717343460748
-0.00932911292802647563
-0.00940654949739886011
-0.00948035172523433063
-0.00954998634446757415
-0.00961497979947777137
-0.00967491538446176198
-0.00972942995688301157
-0.00977821044788342204
-0.00982099035505838713
-0.00985754636892234234
-0.00988769525384470931
-0.00991129107771383799
-0.00992822286213099897
-0.00993841270626664303
-0.00994181442212910098
-0.00821227237465053592
-0.00821724228216496287
-0.00823207367278219401
-0.00825653397425504289
-0.00829024349857275522
-0.00833268684377553269
-0.00838322791245661031
-0.00844112771132404446
-0.00850556399528477197
-0.00857565179571732547
-0.00865046392000164838
-0.00872905061506498194
-0.00881045773445492814
-0.00889374291759267160
-0.00897798946381221132
-0.00906231774793187297
-0.00914589416779535043
-0.00922793773107323176
-0.00930772447613293502
-0.00938458998061573492
-0.00945793024438836873
-0.00952720124497778362
-0.00959191745821317068
-0.00965164961930138274
-0.00970602197420856322
-0.00975470924159032617
-0.00979743347441402665
-0.00983396097990323764
-0.00986409942787661378
-0.00988769525174574247
-0.00990463142370909960
-0.00991482566600992987
-0.00991822914323052356
-0.00821056158444521608
-0.00821543537256631817
-0.00822998193410075934
-0.00825397906204248209
-0.00828706362481171008
-0.00832874196091668018
-0.00837840362019037950
-0.00843533772754330446
-0.00849875115014219265
-0.00856778761788952806
-0.00864154697649487449
-0.00871910383299624725
-0.00879952497215264785
-0.00888188506381620661
-0.00896528033161653887
-0.00904883999932114616
-0.00913173546320619062
-0.00921318725009404732
-0.00929246990800082842
-0.00936891503896206991
-0.00944191272306655477
-0.00951091160194969185
-0.00957541789267632795
-0.00963499359300570152
-0.00968925412023604118
-0.00973786560149348182
-0.00978054200620526518
-0.00981704228370176846
-0.00984716764194558045
-0.00987075907826851645
-0.00988769525023187879
-0.00989789075446649222
-0.00990129486346662431
-0.00820952862171752534
-0.00821434541454827381
-0.00822872305053522733
-0.00825244537643124096
-0.00828515893807818191
-0.00832638279675260683
-0.00837552153528089288
-0.00843188079280688882
-0.00849468457576471776
-0.00856309355796888542
-0.00863622360246426614
-0.00871316380450692929
-0.00879299345783782563
-0.00887479747250917092
-0.00895767990904959913
-0.00904077542910908249
-0.00912325858755414637
-0.00920435099867057162
-0.00928332649585109776
-0.00935951446859564253
-0.00943230160356241069
-0.00950113227996835646
-0.00956550787692005654
-0.00962498524471688995
-0.00967917457724840231
-0.00972773690145604594
-0.00977038137513076312
-0.00980686255821817607
-0.00983697779689574753
-0.00986056483505349732
-0.00987749974508306608
-0.00988769524931768298
-0.00989109948502953258
-0.00820918321652038679
-0.00821398112222584964
-0.00822830277428686363
-0.00825193401037373035
-0.00828452456023431871
-0.00832559767346941100
-0.00837456288567056846
-0.00843073128214284762
-0.00849333252836254743
-0.00856153290059310547
-0.00863445356675852406
-0.00871118842998669027
-0.00879082094495255845
-0.00887243943819699885
-0.00895515059564765473
-0.00903809091239819729
-0.00912043602223781835
-0.00920140793084860478
-0.00928028026305236474
-0.00935638169947380395
-0.00942909782198055220
-0.00949787161221203255
-0.00956220285628749805
-0.00962164670468607965
-0.00967581162265297376
-0.00972435694639356245
-0.00976699023643384096
-0.00980346459400084115
-0.00983357608072757405
-0.00985716135752718985
-0.00987409563577722020
-0.00988429101330012307
-0.00988769524901197093
-0.00820952862171752534
-0.00821434541454827381
-0.00822872305053522733
-0.00825244537643123922
-0.00828515893807818191
-0.00832638279675260683
-0.00837552153528089288
-0.00843188079280688882
-0.00849468457576471776
-0.00856309355796888542
-0.00863622360246426614
-0.00871316380450692929
-0.00879299345783782563
-0.00887479747250917092
-0.00895767990904959913
-0.00904077542910908249
-0.00912325858755414637
-0.00920435099867057162
-0.00928332649585109776
-0.00935951446859564253
-0.00943230160356241069
-0.00950113227996835646
-0.00956550787692005654
-0.00962498524471688821
-0.00967917457724840231
-0.00972773690145604594
-0.00977038137513076312
-0.00980686255821817607
-0.00983697779689574753
-0.00986056483505349732
-0.00987749974508306608
-0.00988769524931768125
-0.00989109948502953258
-0.00821056158444521608
-0.00821543537256631817
-0.00822998193410075934
-0.00825397906204248209
-0.00828706362481171008
-0.00832874196091668018
-0.00837840362019037950
-0.00843533772754330446
-0.00849875115014219265
-0.00856778761788952806
-0.00864154697649487449
-0.00871910383299624725
-0.00879952497215264785
-0.00888188506381620661
-0.00896528033161653887
-0.00904883999932114616
-0.00913173546320619062
-0.00921318725009404732
-0.00929246990800082842
-0.00936891503896206991
-0.00944191272306655477
-0.00951091160194969185
-0.00957541789267632622
-0.00963499359300570152
-0.00968925412023604118
-0.00973786560149348182
-0.00978054200620526518
-0.00981704228370176846
-0.00984716764194558218
-0.00987075907826851645
-0.00988769525023187879
-0.00989789075446649222
-0.00990129486346662431
-0.00821227237465053592
-0.00821724228216496287
-0.00823207367278219401
-0.00825653397425504289
-0.00829024349857275522
-0.00833268684377553269
-0.00838322791245661031
-0.00844112771132404446
-0.00850556399528477197
-0.00857565179571732547
-0.00865046392000164838
-0.00872905061506498194
-0.00881045773445492814
-0.00889374291759267160
-0.00897798946381221132
-0.00906231774793187297
-0.00914589416779535043
-0.00922793773107323176
-0.00930772447613293502
-0.00938458998061573492
-0.00945793024438836873
-0.00952720124497778362
-0.00959191745821317068
-0.00965164961930138274
-0.00970602197420856322
-0.00975470924159032617
-0.00979743347441402665
-0.00983396097990323764
-0.00986409942787661378
-0.00988769525174574074
-0.00990463142370909960
-0.00991482566600992987
-0.00991822914323052356
-0.00821464487053488387
-0.00821975176309801270
-0.00823498896101370476
-0.00826010878157640814
-0.00829470743005791128
-0.00833823790709598174
-0.00839002692989110344
-0.00844929486046343617
-0.00851517752585360249
-0.00858674880437118593
-0.00866304292879946716
-0.00874307560296898323
-0.00882586321854601091
-0.00891043966964732113
-0.00899587047193510514
-0.00908126408289564382
-0.00916578047958143544
-0.00924863717343460748
-0.00932911292802647563
-0.00940654949739886011
-0.00948035172523433063
-0.00954998634446757415
-0.00961497979947777137
-0.00967491538446176198
-0.00972942995688301157
-0.00977821044788342378
-0.00982099035505838887
-0.00985754636892234234
-0.00988769525384470757
-0.00991129107771383799
-0.00992822286213099724
-0.00993841270626664303
-0.00994181442212910098
-0.00821765670038802215
-0.00822294398694318682
-0.00823871537518178904
-0.00826470267671448877
-0.00830046943648686357
-0.00834542595156404637
-0.00839884884813194357
-0.00845990396199200467
-0.00852767115162835626
-0.00860116968462262994
-0.00867938296095705636
-0.00876128154220673361
-0.00884584370998940488
-0.00893207304700429326
-0.00901901279127269480
-0.00910575693822345336
-0.00919145824398250391
-0.00927533341236251585
-0.00935666582950246163
-0.00943480624992000527
-0.00950917184415918382
-0.00957924400009553360
-0.00964456523562435761
-0.00970473553701996228
-0.00975940839032309222
-0.00980828672677184002
-0.00985111896024522260
-0.00988769525650855415
-0.00991784414143092111
-0.00994142952835106418
-0.00995834822303866100
-0.00996852794760806279
-0.00997192591151968566
-0.00822127943994728494
-0.00822679398871983478
-0.00824323801091643611
-0.00827031650260618909
-0.00830755038805221224
-0.00835429441265586256
-0.00840976031378246405
-0.00847304366379832141
-0.00854315265760714065
-0.00861903716670708343
-0.00869961657520721549
-0.00878380520710562995
-0.00887053449962187796
-0.00895877142875307897
-0.00904753301397936624
-0.00913589699495332384
-0.00922300897231065689
-0.00930808643627981103
-0.00939042017704892241
-0.00946937359087481403
-0.00954438037843513901
-0.00961494108935613372
-0.00968061891000619908
-0.00974103502911017639
-0.00979586385374696389
-0.00984482829094383144
-0.00988769525971162910
-0.00992427155597496585
-0.00995440015849794954
-0.00997795703704334493
-0.00999484850373824098
-0.01000500913389855071
-0.01000840027228975734
-0.00822547886405740683
-0.00823127207966748223
-0.00824854035399788521
-0.00827695430736476168
-0.00831598036855567789
-0.00836490252913206847
-0.00842285030757773841
-0.00848883082495761020
-0.00856176277230615707
-0.00864051016331069711
-0.00872391406730045095
-0.00881082094064060059
-0.00890010664820484361
-0.00899069572756055514
-0.00908157584998622001
-0.00917180774689780459
-0.00926053108823685772
-0.00934696692559437714
-0.00943041736121036367
-0.00951026309278345423
-0.00958595943211440309
-0.00965703131990885977
-0.00972306777322296673
-0.00978371611603157630
-0.00983867626379621163
-0.00988769526342308386
-0.00993056223219088152
-0.00996710379315979972
-0.00999718006938437112
-0.01002068127357850363
-0.01003752491216147735
-0.01004765361128472090
-0.01005103356604149061
-0.00823021525103367207
-0.00823634437246831622
-0.00825460543165317667
-0.00828462542439905615
-0.00832580183807517422
-0.00837732957350290595
-0.00843823526860928985
-0.00850741623380669131
-0.00858368110293724132
-0.00866578952259595622
-0.00875248866920345925
-0.00884254499457124907
-0.00893477025273551814
-0.00902804146669627938
-0.00912131499434628602
-0.00921363521922055791
-0.00930413862051596152
-0.00939205408329611344
-0.00947670031933291884
-0.00955748121028921968
-0.00963387978479388063
-0.00970545142164374805
-0.00977181674941378711
-0.00983265459912991725
-0.00988769526760717790
-0.00993671426723405360
-0.00997952667357184312
-0.01001598213379264329
-0.01004596056456887390
-0.01006936854514435715
-0.01008613639760301203
-0.01009621593967645684
-0.01009957889396617507
-0.00823544373774477353
-0.00824197343558961092
-0.00826141731205034743
-0.00829334721593058197
-0.00833707380767856679
-0.00839168040968730697
-0.00845606576977718863
-0.00852899197199458170
-0.00860913366799495421
-0.00869512519599593969
-0.00878560287367058206
-0.00887924063671664300
-0.00897477809360678301
-0.00907104086082043994
-0.00916695365994369370
-0.00926154707243267983
-0.00935395906968638363
-0.00944343249823618308
-0.00952930964514656607
-0.00961102488002872277
-0.00968809620423450105
-0.00976011636283554904
-0.00982674400979257311
-0.00988769527222361361
-0.00994273594070087252
-0.00999167441961512116
-0.01003435550282506458
-0.01007065499171220894
-0.01010047514160655920
-0.01012374090466797161
-0.01014039692944978741
-0.01015040527682440838
-0.01015374381654950142
-0.00824111472302924489
-0.00824811910130161460
-0.00826896304988089526
-0.00830314867730651274
-0.00834987732224174578
-0.00840809274544706761
-0.00847653513755334924
-0.00855380078950312636
-0.00863840231473842618
-0.00872882499469791566
-0.00882357592679464467
-0.00892122393767924571
-0.00902042946132877201
-0.00911996461287711314
-0.00921872443362934182
-0.00931573072752628004
-0.00941013009020797916
-0.00950118771038507490
-0.00958827836761987420
-0.00967087582245104195
-0.00974854154239881629
-0.00982091346408542516
-0.00988769527722793175
-0.00994864653965897225
-0.01000357379542131907
-0.01005232276742805408
-0.01009477162693335831
-0.01013082529811213175
-0.01016041073159486795
-0.01018347307076050180
-0.01019997263478347738
-0.01020988264962555472
-0.01021318766995239768
-0.00824717431664261091
-0.00825473946366637838
-0.00827723521991929542
-0.00831407518476692808
-0.00836432266892378311
-0.00842674658763906299
-0.00849989054451115965
-0.00858214796195711990
-0.00867183636845012158
-0.00876726511284950903
-0.00886679248162314075
-0.00896887005590052411
-0.00907207383872690384
-0.00917512300317532142
-0.00927688797859026887
-0.00937639002497074950
-0.00947279452611510253
-0.00956540006714421548
-0.00965362505490476724
-0.00973699327515473514
-0.00981511941833654311
-0.00988769528257193650
-0.00995447709571444309
-0.01001527419196000454
-0.01006993912853536288
-0.01011835922608616059
-0.01016044945292743362
-0.01019614653898495878
-0.01022540419194907339
-0.01024818928933989709
-0.01026447893085411824
-0.01027425825192126649
-0.01027751891937187141
-0.00825356483050207479
-0.00826179212059192057
-0.00828623524606582340
-0.00832619479446566543
-0.00838055890321892996
-0.00844787660346553101
-0.00852644728196332372
-0.00861441622982384199
-0.00870986691520230123
-0.00881090256980970529
-0.00891571230748374084
-0.00902261968730085594
-0.00913011393129290610
-0.00923686565622562281
-0.00934172992728902682
-0.00944373977727607991
-0.00954209321791041516
-0.00963613637397825115
-0.00972534484584641583
-0.00980930486190363486
-0.00988769528820416903
-0.00996027115243956068
-0.01002684902303328102
-0.01008729435619327985
-0.01014151077101746456
-0.01018943111951284980
-0.01023101016948065739
-0.01026621870055354109
-0.01029503881681454423
-0.01031746029556154277
-0.01033347781536949131
-0.01034308893395944132
-0.01034629271523558429
-0.00826022530855618359
-0.00826923574150269756
-0.00829597783306969261
-0.00833960668738062058
-0.00839878653830625210
-0.00847178836441206222
-0.00855660715597556312
-0.00865108456848526566
-0.00875302415501424437
-0.00886028964255029632
-0.00897088077180069679
-0.00908298510436010217
-0.00919500727041381791
-0.00930557910949337229
-0.00941355507902922987
-0.00951799739021485722
-0.00961815486479518714
-0.00971343875820045340
-0.00980339796992753081
-0.00988769529407038106
-0.00996608572037091175
-0.01003839730148758241
-0.01010451474884726218
-0.01016436568626526843
-0.01021790935138833928
-0.01026512746471000895
-0.01030601696290719439
-0.01034058430065892993
-0.01036884105051622679
-0.01039080056520038861
-0.01040647550534018299
-0.01041587607479242325
-0.01041900884360854110
-0.00826709209116253604
-0.00827703208531661849
-0.00830649696246293229
-0.00835445263840783534
-0.00841927461763396223
-0.00849887983518889979
-0.00859088225809122655
-0.00869275169996537589
-0.00880195824758654190
-0.00891609017885676772
-0.00903293950656675580
-0.00915055483721543411
-0.00926726523033021866
-0.00938168095773219204
-0.00949267772808437375
-0.00959937051509223219
-0.00970108208915650486
-0.00979731009452204996
-0.00988769530011407959
-0.00997199262425692984
-0.01005004574247183105
-0.01012176552778125058
-0.01018711220972214060
-0.01024608092719113232
-0.01029869024838834211
-0.01034497320232680151
-0.01038497038277678627
-0.01041872472712017383
-0.01044627762593231673
-0.01046766607572689051
-0.01048292064234512821
-0.01049206405358066481
-0.01049511028607368578
-0.00827409940941436703
-0.00828514866257545543
-0.00831785415793842922
-0.00837093282599723348
-0.00844238394914232498
-0.00852967001509842906
-0.00862992575565270370
-0.00874016540549459042
-0.00885746395100011318
-0.00897909732923612286
-0.00910263616830215769
-0.00922599548818366783
-0.00934744776236938468
-0.00946560889051072801
-0.00957940660338445563
-0.00968803946668176513
-0.00979093272896591413
-0.00988769530627706117
-0.00997808051186909427
-0.01006195184214698536
-0.01013925422050297731
-0.01020999052170478046
-0.01027420287311991628
-0.01033195808026449170
-0.01038333649058812737
-0.01042842364410576789
-0.01046730412970888098
-0.01050005715042309946
-0.01052675338668716126
-0.01054745282694957362
-0.01056220330641489263
-0.01057103955692417080
-0.01057398262444042385
-0.00828118000442433846
-0.00829356234894320851
-0.00833015011850580731
-0.00838932798730512332
-0.00846859912238348903
-0.00856483740824785789
-0.00867457182809358920
-0.00879425877175787907
-0.00892050901949384412
-0.00905025159080096939
-0.00918083139188434136
-0.00931004834522456207
-0.00943615141949953433
-0.00955780237145378506
-0.00967402251492416147
-0.00978413292794643591
-0.00988769531249997224
-0.00998445788981111929
-0.01007430852345754871
-0.01015723574177516270
-0.01023329738279372611
-0.01030259606895680448
-0.01036526049951991962
-0.01042143151503719875
-0.01047125195959118515
-0.01051485948768620532
-0.01055238159990094272
-0.01058393232502602421
-0.01060961008676324611
-0.01062949639645036429
-0.01064365509952566041
-0.01065213197426350712
-0.01065495453927412135
-0.00828826576616043149
-0.00830226444782633695
-0.00834354146668350900
-0.00841003102657734980
-0.00849857321460180046
-0.00860527207378472027
-0.00872588741437650348
-0.00885619437003863988
-0.00899226559047081389
-0.00913065692864049351
-0.00926849977407804074
-0.00940351727856916959
-0.00953398728967638082
-0.00965867404102332267
-0.00977674641901327829
-0.00988769531872288332
-0.00999125770327641792
-0.01008735115831817762
-0.01017602010374472898
-0.01025739322257840369
-0.01033165082965097070
-0.01039900057632406685
-0.01045965986842453156
-0.01051384351851381536
-0.01056175536710950158
-0.01060358283524816606
-0.01063949358348119205
-0.01066963363700798584
-0.01069412648967194880
-0.01071307282253675108
-0.01072655056963360901
-0.01073461513893148034
-0.01073729965533665349
-0.00829528838604434542
-0.00831126802920837196
-0.00835826545769658910
-0.00843359298489671644
-0.00853319106554211067
-0.00865214647627723585
-0.00878523891821570910
-0.00892741675468003426
-0.00907414232151136993
-0.00922159083355609567
-0.00936671980140828600
-0.00950724277780812255
-0.00964154428033283523
-0.00976856722328563881
-0.00988769532488586317
-0.00999864422459546473
-0.01010136812246167221
-0.01019598402777846871
-0.01028271289691556900
-0.01036183553992700915
-0.01043366068580100538
-0.01049850262886752907
-0.01055666616848444962
-0.01060843693716578134
-0.01065407559814675678
-0.01069381473832272875
-0.01072785757061812256
-0.01075637779012172598
-0.01077952010679546387
-0.01079740111281939086
-0.01081011024350119962
-0.01081771066515394529
-0.01082023997825017764
-0.00830218001717875423
-0.00832061895927400409
-0.00837467740838990921
-0.00846079127822341875
-0.00857366004385282793
-0.00870701226975583234
-0.00885437713015171241
-0.00900971203749670324
-0.00916781227026405333
-0.00932450105478879222
-0.00947664482359896095
-0.00962205486617176940
-0.00975933188225186835
-0.00988769533092955823
-0.01000682343252978085
-0.01011671660862911541
-0.01021758827197574715
-0.01030978174669589312
-0.01039370967331144230
-0.01046981151550656353
-0.01053852496290810445
-0.01060026761032617330
-0.01065542599528037856
-0.01070434974233273016
-0.01074734913184045501
-0.01078469486679208868
-0.01081661916188810663
-0.01084331754043382084
-0.01086495091512694293
-0.01088164766508263256
-0.01089350551734522519
-0.01090059310773806855
-0.01090295114174452511
-0.00830887393577651144
-0.00833041312141189622
-0.00839330903805261645
-0.00849273320679504867
-0.00862164190119936447
-0.00877193238211784396
-0.00893554261590166418
-0.00910526961669523398
-0.00927522651902015424
-0.00944097682700045619
-0.00959944326286904688
-0.00974869510156695269
-0.00988769533679576679
-0.01001605878547345493
-0.01013384638134879473
-0.01024140336584226929
-0.01033923922979620123
-0.01042794288070344327
-0.01050812540657962771
-0.01058038336045232647
-0.01064527669370702798
-0.01070331678064079771
-0.01075496115269492306
-0.01080061251541259565
-0.01084062035166742655
-0.01087528395201400877
-0.01090485609688551794
-0.01092954688331491953
-0.01094952737209445998
-0.01096493285408658112
-0.01097586561487499598
-0.01098239712827562414
-0.01098456964085517754
-0.00831530519713472027
-0.00834082441987776119
-0.00841496228833001590
-0.00853101656687486193
-0.00867944635118947025
-0.00884965964392673762
-0.00903158998058938185
-0.00921673350431278030
-0.00939859491438750812
-0.00957267503419606536
-0.00973619124460921997
-0.00988769534242799238
-0.01002669557765680647
-0.01015333580718577773
-0.01026814788950572779
-0.01037187338258170784
-0.01046534230970340255
-0.01054939516052138399
-0.01062483580532663958
-0.01069240553213826779
-0.01075277094333130373
-0.01080652056909940477
-0.01085416668197667842
-0.01089614997793496298
-0.01093284561546391948
-0.01096456966521048085
-0.01099158539503399326
-0.01101410905672981291
-0.01103231499330371498
-0.01104633997910875985
-0.01105628675966362218
-0.01106222678723874607
-0.01106420216145326957
-0.00832141127933923655
-0.00835215237360751456
-0.00844086547384188292
-0.00857798473718833845
-0.00875031707944708484
-0.00894387252135799699
-0.00914611904653401218
-0.00934721575067143720
-0.00954030109847490461
-0.00972117151475618453
-0.00988769534777199366
-0.01003919944559076780
-0.01017594742169871357
-0.01029874585510258921
-0.01040867087124957083
-0.01050689089241683624
-0.01059455926838762281
-0.01067275448574689888
-0.01074245114131931744
-0.01080450987004167619
-0.01085967832849242184
-0.01090859814872078941
-0.01095181469820527900
-0.01098978774632502695
-0.01102290194617571405
-0.01105147654389462830
-0.01107577403227640381
-0.01109600764332349145
-0.01111234767281722886
-0.01112492667951608775
-0.01113384362150899448
-0.01113916699462540703
-0.01114093703002543706
-0.00832713270781141462
-0.00836490707931215709
-0.00847294326810556220
-0.00863714121179013500
-0.00883885338724428940
-0.00905946908155602984
-0.00928357642424540441
-0.00950021680808826527
-0.00970269731986717066
-0.00988769535277630486
-0.01005421918579211399
-0.01020271566100823014
-0.01033441386257161719
-0.01045088962891707086
-0.01055379984410607236
-0.01064473374285869293
-0.01072513907447530945
-0.01079629332981724317
-0.01085930047403361846
-0.01091510100429638960
-0.01096448807117077207
-0.01100812552249873406
-0.01104656563530631748
-0.01108026542900398051
-0.01110960109778752827
-0.01113488045288869334
-0.01115635344578085053
-0.01117422092466223080
-0.01118864180224982303
-0.01119973880880472186
-0.01120760298511865385
-0.01121229704412509895
-0.01121385770119516512
-0.00833241365382647939
-0.00837996964910950673
-0.00851430371304109923
-0.00871383712810448567
-0.00895161942296448555
-0.00920288612367270616
-0.00944923743042529532
-0.00967935009018187215
-0.00988769535739273189
-0.01007269339030186436
-0.01023508960668981921
-0.01037679578543321615
-0.01050016417516834444
-0.01060757841805823679
-0.01070124836076722513
-0.01078312508564479785
-0.01085488165039886002
-0.01091792671266968162
-0.01097343240992027305
-0.01102236649644886685
-0.01106552373039459448
-0.01110355427151454681
-0.01113698831988223920
-0.01116625696162138956
-0.01119170952206266847
-0.01121362784850965869
-0.01123223795949722034
-0.01124771946227293151
-0.01126021308538383524
-0.01126982661385370239
-0.01127663945748241803
-0.01128070603094569885
-0.01128205807804215713
-0.00833720250024947741
-0.00839891582265677068
-0.00857015879281940174
-0.00881642631898776549
-0.00909797202041758360
-0.00938231272468571798
-0.00964887069598402945
-0.00988769536157681553
-0.01009604062878767528
-0.01027517390626485512
-0.01042817495867737025
-0.01055865719969202587
-0.01067012108167734660
-0.01076567865500967051
-0.01084797393178264097
-0.01091919631026105550
-0.01098113190231890350
-0.01103522526235927934
-0.01108263896172551922
-0.01112430608716192919
-0.01116097441995713910
-0.01119324268219163213
-0.01122158984930161918
-0.01124639866180584397
-0.01126797439537730039
-0.01128655980004229092
-0.01130234695749012148
-0.01131548665609336500
-0.01132609575495808520
-0.01133426290199851354
-0.01134005288426538291
-0.01134350981808760622
-0.01134465932844593364
-0.00834145236795384368
-0.00842472271040324572
-0.00864965426921104549
-0.00895819225568264370
-0.00929099817532655185
-0.00960742142253009218
-0.00988769536528825814
-0.01012652003088104422
-0.01032615329225569298
-0.01049181429381915859
-0.01062927166652624308
-0.01074380072712686693
-0.01083984808618236075
-0.01092101356606610743
-0.01099015177195841048
-0.01104950326963463798
-0.01110081884969463945
-0.01114546491591261561
-0.01118450840731111118
-0.01121878350338307434
-0.01124894337152909998
-0.01127550010334903499
-0.01129885550496284238
-0.01131932486773468485
-0.01133715536428614445
-0.01135254032113360706
-0.01136563031121742319
-0.01137654177366486871
-0.01138536368924186054
-0.01139216270457739030
-0.01139698699532975049
-0.01139986907932504998
-0.01140082772862965887
-0.00834512159671270751
-0.00846347159279932718
-0.00876969070168724663
-0.00916036894928585685
-0.00954792069768651240
-0.00988769536849132269
-0.01016796931124948865
-0.01039307800538241504
-0.01057250460221134669
-0.01071592163971159598
-0.01083151819490531589
-0.01092573106699257224
-0.01100345832316924378
-0.01106837842966504337
-0.01112324421709994307
-0.01117011861342948227
-0.01121055327274343358
-0.01124572065966994959
-0.01127651083341649901
-0.01130360229814963806
-0.01132751405322995376
-0.01134864406342419620
-0.01136729790027218509
-0.01138371023102762412
-0.01139806106259559290
-0.01141048810278233808
-0.01142109621554708750
-0.01142996467343583046
-0.01143715271524004332
-0.01144270377646153247
-0.01144664865780651609
-0.01144900782105639364
-0.01144979294403387741
-0.00834817417478229268
-0.00852899343608442585
-0.00896316648174913869
-0.00945577633132338793
-0.00988769537115515365
-0.01022747004195995700
-0.01048439256111685820
-0.01067741871231438384
-0.01082377130558340173
-0.01093653733668716738
-0.01102507363948005900
-0.01109594436239367578
-0.01115374880675155424
-0.01120173065823188395
-0.01124219963049890615
-0.01127681747527623651
-0.01130679156127163340
-0.01133300672828988810
-0.01135611605363527274
-0.01137660412691928261
-0.01139483175614039098
-0.01141106798480330704
-0.01142551332614133615
-0.01143831683570019700
-0.01144958880068715733
-0.01145941026602256135
-0.01146784024281457051
-0.01147492119117684423
-0.01148068319494194994
-0.01148514712432813917
-0.01148832699657531889
-0.01149023168239465299
-0.01149086605993280240
-0.00835058011192800140
-0.00865772694989319809
-0.00929596739609139973
-0.00988769537325409793
-0.01031961441308586538
-0.01061502179245956204
-0.01081719848285971237
-0.01095896441584314623
-0.01106155360254234415
-0.01113824951424026953
-0.01119740598383774793
-0.01124437414880723012
-0.01128265750325481778
-0.01131459942596023741
-0.01134179771324324293
-0.01136535966539963319
-0.01138606269844894686
-0.01140445785353392735
-0.01142093803496033871
-0.01143578397994386014
-0.01144919586699260153
-0.01146131547105910461
-0.01147224197317551694
-0.01148204342954712957
-0.01149076521646221795
-0.01149843632931242358
-0.01150507413035953969
-0.01151068795304817025
-0.01151528184552239563
-0.01151885665074479925
-0.01152141156144348769
-0.01152294524614053996
-0.01152345661189233851
-0.00835231575126981624
-0.00896625865630837696
-0.00988769537476794774
-0.01047942335193065289
-0.01081222426417396271
-0.01100570004157202034
-0.01112573647084516212
-0.01120523194352536153
-0.01126108701911958040
-0.01130244745943868867
-0.01133452524869805848
-0.01136042842886592595
-0.01138208167351109634
-0.01140071329730759503
-0.01141712524195721834
-0.01143184922680732032
-0.01144524056876211095
-0.01145753652310657796
-0.01146889371241909851
-0.01147941283576863272
-0.01148915541690629163
-0.01149815543742059229
-0.01150642760211498597
-0.01151397333494121218
-0.01152078521072195071
-0.01152685028419314639
-0.01153215262356313900
-0.01153667525609471112
-0.01154040166759895229
-0.01154331695373149620
-0.01154540869089906198
-0.01154666757355040166
-0.01154708784949305331
-0.00835336401603615011
-0.00988769537568211752
-0.01080913209414169004
-0.01111766379904301910
-0.01124639731075284532
-0.01131191915137411304
-0.01135066803056712648
-0.01137647491460215890
-0.01139542108396534442
-0.01141048364914626703
-0.01142323834984659142
-0.01143456629823235045
-0.01144497759106598983
-0.01145477174733767339
-0.01146412267135960873
-0.01147312624657866216
-0.01148182833923888299
-0.01149024201938371979
-0.01149835859047958035
-0.01150615492824979755
-0.01151359854329436425
-0.01152065119458767738
-0.01152727155160843467
-0.01153341721231612022
-0.01153904627082098094
-0.01154411855943771915
-0.01154859664667391358
-0.01155244664524748659
-0.01155563886642881413
-0.01155814834526289886
-0.01155995525334767467
-0.01156104521045152669
-0.01156140950246823534
